  T/S       O-cavity       Oesophagus-s   Oesophagus-f   St-cont        SI-cont        RC-cont        LC-cont        RS-cont        ET1-sur        ET2-sur        ET2-seq        LN-ET          Bronchi        Bronchi-q      Brchiole       Brchiole-q     ALV            LN-Th          Blood          Liver          C-bone-S       C-bone-V       C-marrow       T-bone-S       T-bone-V       T-marrow       Kidneys        Ovaries        Testes         Ureters        UB-cont        Other          
O-mucosa   2.60497875E-13 2.55659302E-15 2.55659302E-15 3.05166555E-16 1.25083521E-16 1.45094705E-16 1.90530828E-16 3.27805309E-17 2.44604284E-14 4.81405969E-14 4.81405969E-14 3.65344304E-14 1.37005316E-15 1.37005316E-15 9.17806801E-16 9.17806801E-16 9.17806801E-16 2.29223390E-15 1.69334033E-15 3.48537473E-16 2.85748176E-15 2.85748176E-15 7.94198885E-17 2.42489411E-15 2.42489411E-15 1.55797244E-15 1.52810787E-16 0.00000000E+00 4.76006634E-18 7.22341269E-17 2.03764806E-17 1.73365500E-15
Oesophagus 2.56380281E-15 8.90986366E-13 2.21212508E-13 6.48657173E-15 1.64159003E-15 1.00270613E-15 1.52477534E-15 1.84154165E-16 8.68700091E-16 1.09909307E-14 1.09909307E-14 1.88399933E-14 1.88447998E-14 1.88447998E-14 8.94206741E-15 8.94206741E-15 8.94206741E-15 4.98148713E-14 5.05054094E-15 4.92412922E-15 2.55434997E-15 2.55434997E-15 3.28430158E-16 1.76335544E-15 1.76335544E-15 2.68540801E-15 2.09772967E-15 0.00000000E+00 2.94736387E-17 7.74684375E-16 1.21848726E-16 1.90789743E-15
St-stem    3.02555008E-16 6.99125732E-15 6.99125732E-15 6.84417752E-14 1.01472246E-14 4.00512078E-15 1.74957672E-14 6.93566179E-16 2.60754223E-16 3.02106398E-16 3.02106398E-16 4.59728521E-16 3.51517521E-15 3.51517521E-15 4.00784448E-15 4.00784448E-15 4.00784448E-15 1.87006040E-15 4.63253309E-15 7.70438607E-15 8.65063151E-16 8.65063151E-16 3.50476107E-16 9.58678323E-16 9.58678323E-16 1.11698938E-15 5.36136318E-15 0.00000000E+00 8.50355170E-17 2.71600958E-15 4.12047749E-16 1.85104868E-15
SI-stem    9.34789871E-17 9.56755711E-16 9.56755711E-16 4.99350346E-15 2.32283547E-14 8.19737578E-15 9.17678626E-15 7.73707047E-15 8.64534432E-17 8.58862728E-17 8.58862728E-17 1.26442166E-16 6.84417752E-16 6.84417752E-16 7.96554084E-16 7.96554084E-16 7.96554084E-16 4.35151134E-16 3.31650533E-15 2.48257247E-15 1.12975873E-15 1.12975873E-15 2.35343704E-16 1.25272577E-15 1.25272577E-15 1.72602473E-15 5.89584925E-15 0.00000000E+00 5.05406573E-16 1.53273816E-14 6.73474886E-15 2.25356323E-15
RC-stem    1.26741773E-16 8.34685884E-16 8.34685884E-16 2.31802894E-15 9.44659279E-15 6.34125432E-14 4.71600649E-15 1.37618949E-15 1.16641653E-16 1.15826145E-16 1.15826145E-16 1.71080405E-16 7.04541088E-16 7.04541088E-16 8.49217625E-16 8.49217625E-16 8.49217625E-16 4.81165643E-16 3.41135418E-15 6.23374828E-15 9.08305894E-16 9.08305894E-16 2.51349447E-16 1.02891774E-15 1.02891774E-15 1.26911604E-15 7.24952817E-15 0.00000000E+00 2.56556521E-16 7.62267507E-15 1.55669070E-15 2.05776542E-15
LC-stem    1.62797153E-16 1.31200630E-15 1.31200630E-15 1.30373907E-14 1.60297758E-14 4.32283238E-15 7.03836131E-14 3.57301378E-15 1.53232159E-16 1.51612359E-16 1.51612359E-16 2.21436812E-16 1.27443526E-15 1.27443526E-15 1.40352262E-15 1.40352262E-15 1.40352262E-15 6.73827365E-16 3.27372722E-15 2.36801685E-15 7.31281414E-16 7.31281414E-16 3.23527498E-16 1.00720825E-15 1.00720825E-15 1.06685728E-15 6.08009955E-15 0.00000000E+00 1.63870611E-16 4.32924109E-15 8.93886306E-16 2.02487448E-15
RS-stem    2.20507550E-17 1.39849179E-16 1.39849179E-16 4.47584023E-16 2.64423207E-15 1.01086121E-15 9.75068588E-16 7.59175307E-14 2.21100355E-17 2.01585846E-17 2.01585846E-17 2.84065891E-17 1.29271610E-16 1.29271610E-16 1.44143012E-16 1.44143012E-16 1.44143012E-16 8.81469438E-17 2.38916558E-15 3.67587351E-16 1.64783852E-15 1.64783852E-15 2.65112143E-16 1.63934698E-15 1.63934698E-15 2.31722785E-15 7.87309526E-16 0.00000000E+00 1.83064685E-15 6.07080693E-15 2.11295035E-14 2.39271101E-15
ET1-bas    2.43675022E-14 8.48192232E-16 8.48192232E-16 2.31065893E-16 1.11905619E-16 1.28685213E-16 1.65120309E-16 2.60081309E-17 3.98461292E-11 3.57782031E-14 3.57782031E-14 4.73234869E-15 7.26554993E-16 7.26554993E-16 5.11895388E-16 5.11895388E-16 5.11895388E-16 8.72993924E-16 3.69942551E-16 2.60017222E-16 2.52342797E-15 2.52342797E-15 6.65464004E-17 1.22805226E-15 1.22805226E-15 7.74187700E-16 1.28869464E-16 0.00000000E+00 4.80252402E-18 6.40229724E-17 1.90707067E-17 9.37777258E-16
ET2-bas    4.80156271E-14 1.10013448E-14 1.10013448E-14 2.95617584E-16 1.25926265E-16 1.36556706E-16 1.69878773E-16 3.15116071E-17 3.55378767E-14 1.31722940E-12 2.44908698E-12 1.15156435E-13 2.59824961E-15 2.59824961E-15 1.09300480E-15 1.09300480E-15 1.09300480E-15 5.75501794E-15 5.16061046E-16 3.41039287E-16 3.05294730E-15 3.05294730E-15 8.10348824E-17 1.82007249E-15 1.82007249E-15 1.53876234E-15 1.62797153E-16 0.00000000E+00 4.26130880E-18 6.60128756E-17 1.65488809E-17 1.58203716E-15
LN-ET      3.66626046E-14 1.86733670E-14 1.86733670E-14 4.53960686E-16 1.42132281E-16 1.84907188E-16 2.58238806E-16 3.93446480E-17 5.10357298E-15 1.15020250E-13 1.15020250E-13 1.70679861E-12 5.92052277E-15 5.92052277E-15 1.88111541E-15 1.88111541E-15 1.88111541E-15 1.43116017E-14 1.47232008E-15 5.05054094E-16 2.10173512E-15 2.10173512E-15 9.94406858E-17 1.96474903E-15 1.96474903E-15 1.64223090E-15 2.45453438E-16 0.00000000E+00 7.61306201E-18 1.16231495E-16 2.86196786E-17 1.57284105E-15
Bronch-bas 1.01698153E-15 1.30665503E-14 1.30665503E-14 4.26964012E-15 1.22414294E-15 9.52461878E-16 1.57979408E-15 1.85387841E-16 6.27027790E-16 1.16718557E-15 1.16718557E-15 2.05463113E-15 2.41928650E-12 2.98309240E-12 3.13417764E-14 1.97452230E-14 1.92709788E-14 3.27388743E-14 4.33132391E-15 3.92773566E-15 1.49918858E-15 1.49918858E-15 4.83360624E-16 1.39467861E-15 1.39467861E-15 1.55699511E-15 1.47944977E-15 0.00000000E+00 2.90378467E-17 5.97659895E-16 1.21116532E-16 1.73829705E-15
Bronch-sec 1.01698153E-15 1.30665503E-14 1.30665503E-14 4.26964012E-15 1.22414294E-15 9.52461878E-16 1.57979408E-15 1.85387841E-16 6.27027790E-16 1.16718557E-15 1.16718557E-15 2.05463113E-15 3.96090071E-12 2.40054103E-12 3.13417764E-14 1.97452230E-14 1.92677744E-14 3.27388743E-14 4.33132391E-15 3.92773566E-15 1.49918858E-15 1.49918858E-15 4.83360624E-16 1.39467861E-15 1.39467861E-15 1.55699511E-15 1.47944977E-15 0.00000000E+00 2.90378467E-17 5.97659895E-16 1.21116532E-16 1.73278317E-15
Bchiol-sec 8.94078567E-16 9.20578566E-15 9.20578566E-15 4.25858510E-15 1.30841743E-15 1.02154773E-15 1.57425055E-15 1.93526898E-16 5.21941034E-16 1.09103412E-15 1.09103412E-15 1.90931372E-15 1.79091288E-14 1.79091288E-14 7.35895682E-13 5.30656874E-13 2.60561962E-14 1.22704288E-14 4.33132391E-15 4.76871810E-15 1.97051686E-15 1.97051686E-15 5.60537466E-16 1.66434093E-15 1.66434093E-15 1.72009668E-15 1.80949812E-15 0.00000000E+00 3.15372420E-17 6.64262372E-16 1.32363810E-16 1.69171120E-15
AI         8.94078567E-16 9.20578566E-15 9.20578566E-15 4.25858510E-15 1.30841743E-15 1.02154773E-15 1.57425055E-15 1.93526898E-16 5.21941034E-16 1.09103412E-15 1.09103412E-15 1.90931372E-15 1.79091288E-14 1.79091288E-14 3.13417764E-14 3.13417764E-14 3.25386023E-14 1.22704288E-14 7.30832805E-15 4.76871810E-15 1.97051686E-15 1.97051686E-15 5.60537466E-16 1.66434093E-15 1.66434093E-15 1.72009668E-15 1.80949812E-15 0.00000000E+00 3.15372420E-17 6.64262372E-16 1.32363810E-16 1.64122424E-15
LN-Th      2.26467646E-15 4.98597323E-14 4.98597323E-14 2.04085241E-15 7.00663821E-16 5.61963403E-16 7.41743626E-16 1.15448031E-16 8.60256621E-16 5.79074648E-15 5.79074648E-15 1.40698333E-14 4.83889343E-14 4.83889343E-14 1.20549361E-14 1.20549361E-14 1.20549361E-14 1.21574754E-12 3.42673507E-15 2.25842798E-15 2.41095518E-15 2.41095518E-15 3.37498477E-16 1.67844009E-15 1.67844009E-15 2.23599751E-15 1.04351357E-15 0.00000000E+00 1.99070429E-17 3.61819516E-16 6.78601851E-17 1.62327915E-15
R-marrow   2.13393886E-15 5.25593997E-15 5.25593997E-15 2.05895700E-15 2.63013292E-15 1.96619098E-15 1.81366378E-15 3.40366373E-15 1.04399422E-15 2.30873632E-15 2.30873632E-15 2.61347029E-15 3.10085237E-15 3.10085237E-15 3.21396603E-15 3.21396603E-15 3.21396603E-15 4.42072536E-15 7.14266300E-15 2.53560451E-15 3.28574354E-15 3.16654161E-15 3.92389043E-16 7.97371194E-15 4.95392970E-15 6.91339154E-15 3.04237293E-15 0.00000000E+00 6.82543205E-16 5.13737891E-15 3.47047449E-15 2.13027314E-15
Endost-BS  2.14419279E-15 1.97500296E-15 1.97500296E-15 7.91411098E-16 1.09249210E-15 8.39396283E-16 7.53375428E-16 1.75085846E-15 1.43934729E-15 2.23423511E-15 2.23423511E-15 1.58774088E-15 1.19365353E-15 1.19365353E-15 1.22491199E-15 1.22491199E-15 1.22491199E-15 1.67459486E-15 2.88167463E-15 9.65375420E-16 4.08522961E-15 2.78394186E-15 9.58694345E-16 6.28998467E-14 8.91499063E-15 7.01561040E-15 1.18982432E-15 0.00000000E+00 5.91876038E-16 2.13441952E-15 1.93847333E-15 1.67824953E-15
Brain      5.80468541E-15 6.31978515E-16 6.31978515E-16 1.04703836E-16 4.78506030E-17 5.53551976E-17 6.41831901E-17 1.07699906E-17 5.49450404E-15 1.02351841E-14 1.02351841E-14 2.88664138E-15 4.19786261E-16 4.19786261E-16 3.49258452E-16 3.49258452E-16 3.49258452E-16 6.52774766E-16 9.48328263E-16 1.31440957E-16 2.68877258E-15 2.68877258E-15 4.42697385E-17 2.12144189E-15 2.12144189E-15 1.50162389E-15 6.86276276E-17 0.00000000E+00 2.25682580E-18 2.90458575E-17 7.48424702E-18 1.71642899E-15
Eye-lens   1.36185001E-14 6.23839459E-16 6.23839459E-16 2.31178045E-16 7.46806504E-17 6.47840063E-17 1.34643708E-16 3.97628161E-17 4.80140250E-14 2.19017526E-14 2.19017526E-14 3.85291402E-15 5.83096111E-16 5.83096111E-16 4.50884507E-16 4.50884507E-16 4.50884507E-16 5.87165639E-16 3.53904764E-16 1.47954590E-16 2.32555917E-15 2.32555917E-15 5.13080998E-17 1.47494765E-15 1.47494765E-15 9.65551660E-16 6.68988792E-17 0.00000000E+00 0.00000000E+00 8.65047129E-17 4.03363952E-22 1.09507841E-15
P-gland    1.65136331E-14 7.79378752E-16 7.79378752E-16 1.24652535E-16 2.96739107E-17 2.38323752E-17 1.08600329E-16 0.00000000E+00 1.10910667E-14 8.26466719E-14 8.26466719E-14 5.95833414E-15 6.28053183E-16 6.28053183E-16 3.65232152E-16 3.65232152E-16 3.65232152E-16 8.69533223E-16 5.56435894E-16 1.99791408E-16 3.24200412E-15 3.24200412E-15 4.04645694E-17 2.13105495E-15 2.13105495E-15 1.24003654E-15 8.98228204E-17 0.00000000E+00 0.00000000E+00 4.28213710E-17 5.04973985E-18 1.86687195E-15
Tongue     3.93077979E-13 2.90330401E-15 2.90330401E-15 3.24296543E-16 1.31972879E-16 1.50114324E-16 1.87662932E-16 3.28109723E-17 1.95545640E-14 4.53431968E-14 4.53431968E-14 4.14434992E-14 1.48736452E-15 1.48736452E-15 9.79746944E-16 9.79746944E-16 9.79746944E-16 2.57021152E-15 1.70824057E-15 3.53055611E-16 2.81246061E-15 2.81246061E-15 8.34285340E-17 2.49250596E-15 2.49250596E-15 1.56819432E-15 1.58307854E-16 0.00000000E+00 4.97027190E-18 7.62491812E-17 2.17142979E-17 1.54075374E-15
Tonsils    4.14290796E-14 1.74589172E-15 1.74589172E-15 1.92629679E-16 1.05331889E-16 8.72529293E-17 1.05194102E-16 2.41159605E-17 8.82318591E-15 6.50996350E-14 6.50996350E-14 1.39709790E-14 9.92067681E-16 9.92067681E-16 6.41495444E-16 6.41495444E-16 6.41495444E-16 1.68308640E-15 4.93053792E-16 2.33036570E-16 4.21516612E-15 4.21516612E-15 6.42953424E-17 2.14739715E-15 2.14739715E-15 2.22734575E-15 1.03955619E-16 0.00000000E+00 4.23070723E-18 4.64422898E-17 6.39925311E-18 1.90389987E-15
S-glands   1.67107008E-14 3.12520546E-15 3.12520546E-15 2.90891163E-16 1.19983793E-16 1.29393375E-16 1.70904166E-16 2.75878769E-17 4.85347323E-15 1.58170067E-14 1.58170067E-14 2.54553800E-14 1.49771458E-15 1.49771458E-15 1.04852838E-15 1.04852838E-15 1.04852838E-15 2.69165650E-15 4.62051677E-16 3.37915043E-16 2.48016920E-15 2.48016920E-15 9.17582496E-17 1.68564988E-15 1.68564988E-15 1.17860909E-15 1.72634516E-16 0.00000000E+00 5.66193149E-18 7.47319201E-17 1.83465230E-17 1.64847568E-15
Thyroid    4.53624229E-15 3.95016613E-14 3.95016613E-14 8.21291689E-16 3.19425926E-16 3.01721876E-16 4.04469454E-16 5.57669570E-17 1.52088205E-15 1.13704863E-14 1.13704863E-14 2.57117283E-14 1.93799268E-14 1.93799268E-14 5.25946475E-15 5.25946475E-15 5.25946475E-15 6.23070414E-14 2.53063776E-15 9.49914417E-16 2.15636933E-15 2.15636933E-15 2.07706160E-16 1.51416893E-15 1.51416893E-15 1.91347938E-15 4.29543516E-16 0.00000000E+00 1.04029319E-17 1.84987297E-16 4.09067701E-17 1.91287677E-15
Breast     7.48841268E-16 2.07481855E-15 2.07481855E-15 4.36224592E-15 1.31493829E-15 1.35480044E-15 1.98717950E-15 2.02082520E-16 6.70719143E-16 6.41671683E-16 6.41671683E-16 9.37000875E-16 4.98933780E-15 4.98933780E-15 4.68780818E-15 4.68780818E-15 4.68780818E-15 2.02739413E-15 1.48943133E-15 3.92629370E-15 5.67587042E-16 5.67587042E-16 3.09732758E-16 8.17446465E-16 8.17446465E-16 7.19233047E-16 1.25378321E-15 0.00000000E+00 3.51261173E-17 6.16886013E-16 1.36558309E-16 1.46993091E-15
Thymus     2.32299569E-15 1.88335846E-14 1.88335846E-14 1.49311633E-15 5.21428338E-16 5.05951313E-16 6.14242422E-16 8.87093077E-17 1.11192650E-15 3.96779007E-15 3.96779007E-15 7.79875427E-15 2.07065289E-14 2.07065289E-14 9.78769616E-15 9.78769616E-15 9.78769616E-15 4.33404761E-14 1.11455407E-15 1.59967709E-15 2.17783850E-15 2.17783850E-15 2.91419881E-16 1.60842498E-15 1.60842498E-15 2.50147815E-15 6.46494234E-16 0.00000000E+00 1.48659548E-17 2.68524779E-16 6.55113944E-17 1.87677442E-15
Ht-wall    7.50347314E-16 2.18665047E-14 2.18665047E-14 1.24078956E-14 2.11102774E-15 1.29960546E-15 2.47904768E-15 2.47327984E-16 4.88615763E-16 8.77528084E-16 8.77528084E-16 1.50370672E-15 1.76463718E-14 1.76463718E-14 1.13746520E-14 1.13746520E-14 1.13746520E-14 2.01794129E-14 8.56667746E-15 5.56323742E-15 1.31820673E-15 1.31820673E-15 4.05414738E-16 1.18951991E-15 1.18951991E-15 1.57306494E-15 2.18697090E-15 0.00000000E+00 3.66786263E-17 9.03963996E-16 1.62396609E-16 1.77012114E-15
Adrenals   2.06792919E-16 4.16405669E-15 4.16405669E-15 8.61282014E-15 7.14250278E-15 3.62444365E-15 4.72754216E-15 6.41191030E-16 1.55983096E-16 2.36705554E-16 2.36705554E-16 3.75822539E-16 2.27845518E-15 2.27845518E-15 3.14539288E-15 3.14539288E-15 3.14539288E-15 1.71961602E-15 4.61394785E-15 1.13690444E-14 1.57819190E-15 1.57819190E-15 3.89697387E-16 1.51968042E-15 1.51968042E-15 2.01601867E-15 4.00656274E-14 0.00000000E+00 8.49425908E-17 3.88832212E-15 4.38723987E-16 1.97974327E-15
Liver      3.44756336E-16 4.91723986E-15 4.91723986E-15 6.56331598E-15 3.91331607E-15 8.05734555E-15 3.12440437E-15 4.60577675E-16 2.82047149E-16 3.40206155E-16 3.40206155E-16 5.19617878E-16 3.55154462E-15 3.55154462E-15 4.81181664E-15 4.81181664E-15 4.81181664E-15 2.18985482E-15 4.79194965E-15 3.06560449E-14 1.06128170E-15 1.06128170E-15 4.21212198E-16 1.20260969E-15 1.20260969E-15 1.33701628E-15 7.26330689E-15 0.00000000E+00 7.62027181E-17 2.19946788E-15 3.67955852E-16 1.27648343E-15
Pancreas   2.14403257E-16 3.34133906E-15 3.34133906E-15 1.46038387E-14 2.07321637E-14 1.27390655E-14 1.12251689E-14 9.95400208E-16 1.78482461E-16 1.96202533E-16 1.96202533E-16 2.97780522E-16 1.87006040E-15 1.87006040E-15 2.19754527E-15 2.19754527E-15 2.19754527E-15 1.20147215E-15 4.67162620E-15 1.23861060E-14 1.06850752E-15 1.06850752E-15 2.68540801E-16 1.16378896E-15 1.16378896E-15 1.54480255E-15 1.04378594E-14 0.00000000E+00 1.29281223E-16 7.09091270E-15 6.77864850E-16 2.10459997E-15
Kidneys    1.59544735E-16 2.08282943E-15 2.08282943E-15 5.41759957E-15 1.00943527E-14 6.84289578E-15 6.44251187E-15 1.02845311E-15 1.28215776E-16 1.58762872E-16 1.58762872E-16 2.46238504E-16 1.35883792E-15 1.35883792E-15 1.78001808E-15 1.78001808E-15 1.78001808E-15 9.88366653E-16 4.01056818E-15 7.26538972E-15 1.19270824E-15 1.19270824E-15 3.59416251E-16 1.33560636E-15 1.33560636E-15 1.62620913E-15 9.76254199E-14 0.00000000E+00 1.34345703E-16 9.70133885E-15 6.90682262E-16 1.71880984E-15
Spleen     3.01016918E-16 4.48160807E-15 4.48160807E-15 1.40071882E-14 5.50700102E-15 1.14707826E-15 9.05886608E-15 5.12568302E-16 2.09068010E-16 3.28750593E-16 3.28750593E-16 5.14394783E-16 3.72826469E-15 3.72826469E-15 5.99630572E-15 5.99630572E-15 5.99630572E-15 2.32555917E-15 4.46222173E-15 2.43626957E-15 1.37479560E-15 1.37479560E-15 6.69886011E-16 1.49193072E-15 1.49193072E-15 1.47797577E-15 9.91154440E-15 0.00000000E+00 6.51012372E-17 2.05463113E-15 2.88247572E-16 2.02618938E-15
GB-wall    2.49939532E-16 3.00279917E-15 3.00279917E-15 5.22565883E-15 7.75693746E-15 2.28566498E-14 4.11406878E-15 6.72641755E-16 2.27797453E-16 2.29784152E-16 2.29784152E-16 3.65520544E-16 2.10926535E-15 2.10926535E-15 2.54233365E-15 2.54233365E-15 2.54233365E-15 1.33477323E-15 1.35702746E-15 2.70126956E-14 8.99029292E-16 8.99029292E-16 3.12504524E-16 1.05170069E-15 1.05170069E-15 1.25700358E-15 9.04588845E-15 0.00000000E+00 1.02206042E-16 3.95256939E-15 5.42865459E-16 1.65738407E-15
Ureters    6.83296228E-17 7.68628148E-16 7.68628148E-16 2.60097331E-15 1.27760757E-14 6.62371803E-15 4.19081304E-15 6.81421682E-15 7.35463095E-17 7.13577364E-17 7.13577364E-17 1.12665051E-16 5.55170175E-16 5.55170175E-16 6.71920775E-16 6.71920775E-16 6.71920775E-16 3.79427436E-16 1.03338781E-15 2.24080403E-15 1.66353985E-15 1.66353985E-15 2.26339472E-16 1.79059244E-15 1.79059244E-15 2.84482457E-15 9.72152627E-15 0.00000000E+00 5.88158988E-16 1.10958733E-12 1.00329894E-14 2.26213578E-15
UB-wall    2.12384515E-17 1.16614416E-16 1.16614416E-16 3.54625744E-16 2.45629677E-15 1.10143225E-15 6.49474283E-16 1.38053139E-14 2.16373935E-17 1.86621517E-17 1.86621517E-17 2.58350959E-17 1.09268436E-16 1.09268436E-16 1.28068375E-16 1.28068375E-16 1.28068375E-16 7.50315271E-17 1.33818587E-15 3.43074051E-16 1.67299269E-15 1.67299269E-15 2.84242131E-16 2.06937115E-15 2.06937115E-15 2.52230644E-15 6.40470051E-16 0.00000000E+00 2.88840377E-15 7.97066781E-15 8.63733344E-14 2.43651326E-15
Ovaries    0.00000000E+00 0.00000000E+00 0.00000000E+00 0.00000000E+00 0.00000000E+00 0.00000000E+00 0.00000000E+00 0.00000000E+00 0.00000000E+00 0.00000000E+00 0.00000000E+00 0.00000000E+00 0.00000000E+00 0.00000000E+00 0.00000000E+00 0.00000000E+00 0.00000000E+00 0.00000000E+00 0.00000000E+00 0.00000000E+00 0.00000000E+00 0.00000000E+00 0.00000000E+00 0.00000000E+00 0.00000000E+00 0.00000000E+00 0.00000000E+00 0.00000000E+00 0.00000000E+00 0.00000000E+00 0.00000000E+00 0.00000000E+00
Testes     6.53239397E-18 2.51926231E-17 2.51926231E-17 7.89760856E-17 2.68925323E-16 1.92661723E-16 1.35947879E-16 1.18237420E-15 7.35334920E-18 4.46446478E-18 4.46446478E-18 7.61306201E-18 2.59472482E-17 2.59472482E-17 3.43506639E-17 3.43506639E-17 3.43506639E-17 1.99358820E-17 9.71479713E-16 7.29118476E-17 6.07224889E-16 6.07224889E-16 1.10018255E-15 5.96105784E-16 5.96105784E-16 6.42536858E-16 1.26908400E-16 0.00000000E+00 7.84906261E-13 5.82951915E-16 2.70207065E-15 1.77386853E-15
Prostate   1.68709184E-17 8.12031109E-17 8.12031109E-17 2.27989714E-16 1.05245371E-15 6.45180450E-16 3.89569213E-16 6.67034137E-15 1.57727866E-17 9.60456739E-18 9.60456739E-18 1.48347123E-17 7.22966118E-17 7.22966118E-17 8.61522341E-17 8.61522341E-17 8.61522341E-17 5.04301071E-17 5.24328277E-16 2.12608820E-16 1.71048362E-15 1.71048362E-15 4.17014496E-16 1.97996970E-15 1.97996970E-15 2.23968251E-15 4.19642065E-16 0.00000000E+00 5.92340669E-15 2.93823146E-15 3.71448597E-14 2.70349317E-15
Uterus     0.00000000E+00 0.00000000E+00 0.00000000E+00 0.00000000E+00 0.00000000E+00 0.00000000E+00 0.00000000E+00 0.00000000E+00 0.00000000E+00 0.00000000E+00 0.00000000E+00 0.00000000E+00 0.00000000E+00 0.00000000E+00 0.00000000E+00 0.00000000E+00 0.00000000E+00 0.00000000E+00 0.00000000E+00 0.00000000E+00 0.00000000E+00 0.00000000E+00 0.00000000E+00 0.00000000E+00 0.00000000E+00 0.00000000E+00 0.00000000E+00 0.00000000E+00 0.00000000E+00 0.00000000E+00 0.00000000E+00 0.00000000E+00
LN-Sys     9.59591563E-16 7.66272948E-15 7.66272948E-15 6.91355176E-15 6.82911706E-15 4.03732453E-15 5.08594904E-15 6.00896291E-15 3.91828282E-16 1.21831102E-15 1.21831102E-15 2.26788082E-15 4.30440735E-15 4.30440735E-15 3.49450714E-15 3.49450714E-15 3.49450714E-15 5.54353065E-15 2.10061359E-15 3.07457668E-15 1.56431706E-15 1.56431706E-15 5.80997259E-16 1.50458792E-15 1.50458792E-15 1.91363960E-15 3.34678646E-15 0.00000000E+00 1.87262388E-15 8.88679232E-15 5.81301673E-15 2.10070274E-15
Skin       7.76366660E-16 7.06752092E-16 7.06752092E-16 7.35783530E-16 7.26971559E-16 7.65487882E-16 8.44154747E-16 8.23518714E-16 1.11684519E-15 7.78433468E-16 7.78433468E-16 8.86291989E-16 7.86780807E-16 7.86780807E-16 8.01761158E-16 8.01761158E-16 8.01761158E-16 7.54993626E-16 1.06604017E-15 7.85178631E-16 9.61257827E-16 9.61257827E-16 1.07020583E-15 9.11205833E-16 9.11205833E-16 9.02313754E-16 8.21275667E-16 0.00000000E+00 2.45853982E-15 6.88230932E-16 7.44675609E-16 1.36332181E-15
Adipose    9.00198881E-16 1.55193223E-15 1.55193223E-15 1.95882097E-15 2.58350959E-15 2.23359424E-15 2.37058033E-15 2.38195578E-15 9.12615749E-16 1.08462542E-15 1.08462542E-15 1.12145945E-15 1.37396247E-15 1.37396247E-15 1.36611180E-15 1.36611180E-15 1.36611180E-15 1.56173755E-15 8.75541385E-16 1.42010515E-15 1.19735455E-15 1.19735455E-15 9.24471855E-16 1.16276356E-15 1.16276356E-15 1.27381042E-15 2.20603680E-15 0.00000000E+00 2.15092193E-15 3.12456458E-15 2.44347936E-15 1.88981410E-15
Muscle     1.12588146E-15 1.17843285E-15 1.17843285E-15 9.22485156E-16 1.18653986E-15 1.18533823E-15 1.05948727E-15 1.78915048E-15 4.04693759E-16 1.12061030E-15 1.12061030E-15 1.58075539E-15 1.14227173E-15 1.14227173E-15 1.28244615E-15 1.28244615E-15 1.28244615E-15 1.19975782E-15 1.13530226E-15 1.01489870E-15 1.54312026E-15 1.54312026E-15 1.81558640E-15 1.42611331E-15 1.42611331E-15 1.47050962E-15 1.37809608E-15 0.00000000E+00 2.55290801E-17 1.63502110E-15 1.77713416E-15 1.96885516E-15
