  T/S       O-cavity       Oesophagus-s   Oesophagus-f   St-cont        SI-cont        RC-cont        LC-cont        RS-cont        ET1-sur        ET2-sur        ET2-seq        LN-ET          Bronchi        Bronchi-q      Brchiole       Brchiole-q     ALV            LN-Th          Blood          C-bone-S       C-bone-V       T-bone-S       T-bone-V       UB-cont        Other          
O-mucosa   7.71528087E-14 9.29054080E-16 9.29054080E-16 3.99230337E-17 9.87821913E-18 6.49842783E-18 4.76118787E-18 8.74852449E-19 7.06768114E-15 1.66386028E-14 1.66386028E-14 2.52503014E-14 9.07296523E-16 9.07296523E-16 2.18424720E-16 2.18424720E-16 2.18424720E-16 1.03888328E-15 3.49787171E-16 7.13801668E-16 7.13801668E-16 7.20771136E-16 7.20771136E-16 7.78225185E-19 4.76945173E-16
Oesophagus 9.28333100E-16 2.20058940E-13 7.25689818E-14 1.21877565E-15 1.40856948E-16 5.17134505E-17 4.52006031E-17 9.25529291E-18 1.98814080E-16 2.75205855E-15 2.75205855E-15 3.51533543E-15 1.38517770E-14 1.38517770E-14 2.52470971E-15 2.52470971E-15 2.52470971E-15 1.42888508E-14 1.58368737E-15 5.43105786E-16 5.43105786E-16 4.60914132E-16 4.60914132E-16 7.32883590E-18 5.31480802E-16
St-stem    3.80917460E-17 1.11591592E-15 1.11591592E-15 1.72634516E-14 2.63285662E-15 3.32515708E-16 6.10349133E-16 6.45500885E-17 3.23463411E-17 2.98821937E-17 2.98821937E-17 4.31498171E-17 2.82671998E-16 2.82671998E-16 7.02506324E-16 7.02506324E-16 7.02506324E-16 2.26483668E-16 1.37035757E-15 1.62556826E-16 1.62556826E-16 2.07626051E-16 2.07626051E-16 5.64975495E-17 5.65057427E-16
SI-stem    8.87685883E-18 1.09906103E-16 1.09906103E-16 1.35050660E-15 6.84513882E-15 2.43963414E-15 3.35047147E-15 2.65112143E-15 8.61394166E-18 6.70959469E-18 6.70959469E-18 9.52173486E-18 5.09299862E-17 5.09299862E-17 9.86251780E-17 9.86251780E-17 9.86251780E-17 4.27877253E-17 1.15401568E-15 2.24320730E-16 2.24320730E-16 3.73291100E-16 3.73291100E-16 2.25009666E-15 6.25932718E-16
RC-stem    6.71600340E-18 5.33348531E-17 5.33348531E-17 2.31850959E-16 1.86429256E-15 1.85532037E-14 1.13685637E-15 4.65416248E-16 6.43097620E-18 5.08707056E-18 5.08707056E-18 7.19297134E-18 3.20227014E-17 3.20227014E-17 5.92661104E-17 5.92661104E-17 5.92661104E-17 2.83633303E-17 1.03976447E-15 2.06120005E-16 2.06120005E-16 3.10966434E-16 3.10966434E-16 7.61915028E-16 5.83156280E-16
LC-stem    4.67050468E-18 4.31193758E-17 4.31193758E-17 4.44107300E-16 2.46799266E-15 1.11612421E-15 2.24817405E-14 1.25458430E-15 5.09524166E-18 3.37642673E-18 3.37642673E-18 4.78393877E-18 2.40999387E-17 2.40999387E-17 4.52614858E-17 4.52614858E-17 4.52614858E-17 1.99775386E-17 1.00911484E-15 2.13281734E-16 2.13281734E-16 3.05887535E-16 3.05887535E-16 1.05216532E-15 5.98507364E-16
RS-stem    1.05541774E-18 7.64782924E-18 7.64782924E-18 4.34622416E-17 2.44043522E-15 4.25185596E-16 7.82839453E-16 2.18857308E-14 1.10386756E-18 8.73891143E-19 8.73891143E-19 9.30896582E-19 5.13273259E-18 5.13273259E-18 9.62876025E-18 9.62876025E-18 9.62876025E-18 4.38740009E-18 9.37705833E-16 2.56588564E-16 2.56588564E-16 3.21092190E-16 3.21092190E-16 5.11815279E-15 6.68254733E-16
ET1-bas    6.97203120E-15 1.94632400E-16 1.94632400E-16 2.89449204E-17 8.54729112E-18 5.66161105E-18 4.01233058E-18 5.59480029E-19 5.42176523E-12 4.86580999E-15 4.86580999E-15 1.44267982E-15 1.90803198E-16 1.90803198E-16 1.07747971E-16 1.07747971E-16 1.07747971E-16 2.25714623E-16 1.18921550E-16 6.05142059E-16 6.05142059E-16 4.48160807E-16 4.48160807E-16 1.57910515E-18 3.60319650E-16
ET2-bas    1.62797153E-14 2.73219156E-15 2.73219156E-15 3.12264197E-17 7.48456746E-18 4.96514493E-18 3.31842794E-18 6.71295926E-19 4.87606392E-15 2.09965229E-13 1.83881795E-12 3.27613048E-14 2.20635724E-15 2.20635724E-15 2.31947090E-16 2.31947090E-16 2.31947090E-16 2.89321030E-15 1.49936482E-16 7.52446165E-16 7.52446165E-16 7.46421982E-16 7.46421982E-16 6.41863944E-19 4.75623617E-16
LN-ET      2.53784756E-14 3.63213410E-15 3.63213410E-15 4.75381785E-17 1.16904410E-17 6.82591271E-18 2.55995759E-18 7.83272041E-19 1.48374360E-15 3.37434390E-14 3.37434390E-14 1.11589990E-12 3.89425017E-15 3.89425017E-15 3.68116070E-16 3.68116070E-16 3.68116070E-16 5.17839462E-15 1.13128080E-16 5.45204637E-16 5.45204637E-16 5.54641456E-16 5.54641456E-16 6.60561344E-19 3.51780559E-16
Bronch-bas 2.18024176E-16 8.68491808E-15 8.68491808E-15 5.37850647E-16 9.24375724E-17 4.63733962E-17 3.41535962E-17 8.39668653E-18 9.73081889E-17 2.58302893E-16 2.58302893E-16 3.76271148E-16 3.43714922E-13 1.24067741E-12 1.37899330E-14 5.27740913E-15 5.17086439E-15 2.92044730E-14 1.58267800E-15 4.07449502E-16 4.07449502E-16 3.24040194E-16 3.24040194E-16 7.09139335E-18 5.45245762E-16
Bronch-sec 2.18024176E-16 8.68491808E-15 8.68491808E-15 5.37850647E-16 9.24375724E-17 4.63733962E-17 3.41535962E-17 8.39668653E-18 9.73081889E-17 2.58302893E-16 2.58302893E-16 3.76271148E-16 1.22343799E-12 5.22613948E-13 1.37899330E-14 5.27740913E-15 5.16573743E-15 2.92044730E-14 1.58267800E-15 4.07449502E-16 4.07449502E-16 3.24040194E-16 3.24040194E-16 7.09139335E-18 5.40967548E-16
Bchiol-sec 2.19466135E-16 2.62596726E-15 2.62596726E-15 8.78393259E-16 1.23878684E-16 5.76655361E-17 4.59792608E-17 1.05815746E-17 1.08384035E-16 2.32427743E-16 2.32427743E-16 3.57557727E-16 4.21068003E-15 4.21068003E-15 6.23118479E-13 3.03179857E-13 7.20675006E-15 3.61835538E-15 1.58267800E-15 3.90226105E-16 3.90226105E-16 3.13081307E-16 3.13081307E-16 8.35887517E-18 5.08941513E-16
AI         2.19466135E-16 2.62596726E-15 2.62596726E-15 8.78393259E-16 1.23878684E-16 5.76655361E-17 4.59792608E-17 1.05815746E-17 1.08384035E-16 2.32427743E-16 2.32427743E-16 3.57557727E-16 4.21068003E-15 4.21068003E-15 1.37899330E-14 1.37899330E-14 1.56764958E-14 3.61835538E-15 2.72177742E-15 3.90226105E-16 3.90226105E-16 3.13081307E-16 3.13081307E-16 8.35887517E-18 4.52735314E-16
LN-Th      1.03990867E-15 1.46760968E-14 1.46760968E-14 2.71809241E-16 5.15516306E-17 2.96691042E-17 2.11471275E-17 3.99759055E-18 2.25730645E-16 2.99783242E-15 2.99783242E-15 5.07905968E-15 4.20475197E-14 4.20475197E-14 3.50636324E-15 3.50636324E-15 3.50636324E-15 8.17927118E-13 8.50531410E-16 4.42905668E-16 4.42905668E-16 3.80869394E-16 3.80869394E-16 3.42096724E-18 3.81948592E-16
R-marrow   5.23014492E-16 1.29712208E-15 1.29712208E-15 4.90346114E-16 6.86308320E-16 5.77760863E-16 5.61194358E-16 8.26851241E-16 2.38916558E-16 7.11334317E-16 7.11334317E-16 6.25762071E-16 9.99389627E-16 9.99389627E-16 8.86420163E-16 8.86420163E-16 8.86420163E-16 9.80868467E-16 2.53608516E-15 7.13256928E-16 6.34878455E-16 2.91708273E-15 1.46543072E-15 6.12015396E-16 5.60285379E-16
Endost-BS  5.17583114E-16 5.43330090E-16 5.43330090E-16 2.07738203E-16 3.41423809E-16 2.95265105E-16 2.98453436E-16 4.84546235E-16 3.52462805E-16 6.71103665E-16 6.71103665E-16 4.47776285E-16 4.25201618E-16 4.25201618E-16 3.64847630E-16 3.64847630E-16 3.64847630E-16 4.24480638E-16 1.03694464E-15 2.03812871E-15 6.91707655E-16 2.44171697E-14 3.07281428E-15 4.10910204E-16 4.64191600E-16
Brain      1.03830649E-15 1.16484639E-16 1.16484639E-16 9.40141141E-18 2.23792012E-18 1.44811120E-18 1.04623727E-18 2.37746969E-19 1.16499059E-15 1.83128772E-15 1.83128772E-15 6.98773253E-16 1.14771913E-16 1.14771913E-16 4.95713405E-17 4.95713405E-17 4.95713405E-17 1.28928744E-16 2.70879979E-16 5.63485470E-16 5.63485470E-16 8.85987576E-16 8.85987576E-16 2.25618493E-19 5.03104736E-16
Eye-lens   2.56844913E-15 1.24610878E-16 1.24610878E-16 1.67779922E-17 3.35335539E-18 0.00000000E+00 5.61867272E-18 0.00000000E+00 1.18085214E-14 2.53560451E-15 2.53560451E-15 8.62243320E-16 1.28321519E-16 1.28321519E-16 8.23678932E-17 8.23678932E-17 8.23678932E-17 1.23468527E-16 8.81277177E-17 4.60753914E-16 4.60753914E-16 4.37394181E-16 4.37394181E-16 0.00000000E+00 3.64400544E-16
P-gland    3.43570726E-15 2.52951624E-16 2.52951624E-16 1.37445914E-17 1.24865625E-18 4.53976708E-18 2.55002410E-18 0.00000000E+00 1.98157188E-15 8.37970346E-15 8.37970346E-15 2.01569824E-15 2.41079496E-16 2.41079496E-16 8.11999065E-17 8.11999065E-17 8.12015087E-17 2.92525383E-16 1.58112389E-16 9.87661695E-16 9.87661695E-16 1.12214839E-15 1.12214839E-15 0.00000000E+00 5.26357477E-16
Tongue     1.61579499E-13 1.05230952E-15 1.05230952E-15 3.94327677E-17 1.00432433E-17 5.83112132E-18 4.55594906E-18 9.79843074E-19 5.08402643E-15 1.90258458E-14 1.90258458E-14 2.46783244E-14 1.00401992E-15 1.00401992E-15 2.29736086E-16 2.29736086E-16 2.29736086E-16 1.14536393E-15 3.53648416E-16 6.62612130E-16 6.62612130E-16 7.09619988E-16 7.09619988E-16 8.91643259E-19 3.40088659E-16
Tonsils    3.00744548E-14 6.95889335E-16 6.95889335E-16 2.88888442E-17 6.89256325E-18 4.10701921E-18 5.34998773E-18 1.27251265E-19 3.39581306E-15 2.28374236E-14 2.28374236E-14 9.27692230E-15 6.38355178E-16 6.38355178E-16 1.71032340E-16 1.71032340E-16 1.71032340E-16 7.55041691E-16 1.37159125E-16 7.54881474E-16 7.54881474E-16 7.48584920E-16 7.48584920E-16 1.80340985E-19 5.09524598E-16
S-glands   8.21644168E-15 8.82799244E-16 8.82799244E-16 3.32611839E-17 7.57749370E-18 4.59440129E-18 3.33893580E-18 8.04020226E-19 1.30297003E-15 8.05782621E-15 8.05782621E-15 1.25977535E-14 8.15139331E-16 8.15139331E-16 2.11006643E-16 2.11006643E-16 2.11006643E-16 9.78993921E-16 1.38083581E-16 5.82903850E-16 5.82903850E-16 6.24848830E-16 6.24848830E-16 7.35382986E-19 4.88356501E-16
Thyroid    1.89393283E-15 1.15204500E-14 1.15204500E-14 9.62779895E-17 2.05639352E-17 1.29060123E-17 8.51813151E-18 2.08539292E-18 4.00736383E-16 3.57557727E-15 3.57557727E-15 6.37105480E-15 1.66658398E-14 1.66658398E-14 1.18916743E-15 1.18916743E-15 1.18916743E-15 2.43578891E-14 8.49570104E-16 4.16389647E-16 4.16389647E-16 4.03956758E-16 4.03956758E-16 2.15861238E-18 5.38302645E-16
Breast     2.81214017E-16 6.24576460E-16 6.24576460E-16 4.55899319E-16 8.46077359E-17 4.11567096E-17 3.37145998E-17 6.66889941E-18 2.33164744E-16 2.04854286E-16 2.04854286E-16 3.44275684E-16 7.43634195E-16 7.43634195E-16 1.25753230E-15 1.25753230E-15 1.25753230E-15 7.15868476E-16 3.06704645E-16 1.09971792E-16 1.09971792E-16 1.31194222E-16 1.31194222E-16 6.06407779E-18 4.66843837E-16
Thymus     6.62467934E-16 5.09139644E-15 5.09139644E-15 1.98461601E-16 4.13201316E-17 2.50564381E-17 1.66642376E-17 3.90834932E-18 2.59889048E-16 7.78273250E-16 7.78273250E-16 1.26934034E-15 8.76630865E-15 8.76630865E-15 2.72257850E-15 2.72257850E-15 2.72257850E-15 9.97755407E-15 2.76824053E-16 3.90145996E-16 3.90145996E-16 4.74372414E-16 4.74372414E-16 3.46646905E-18 5.57285656E-16
Ht-wall    1.86060755E-16 5.20066488E-15 5.20066488E-15 2.11727623E-15 1.90835241E-16 6.59263581E-17 6.70462795E-17 1.23127263E-17 1.11383309E-16 1.72362146E-16 1.72362146E-16 2.63253619E-16 5.19153247E-15 5.19153247E-15 3.26283242E-15 3.26283242E-15 3.26283242E-15 4.88535654E-15 2.41079496E-15 2.48785965E-16 2.48785965E-16 2.62756944E-16 2.62756944E-16 1.03646399E-17 5.34541923E-16
Adrenals   3.39501198E-17 1.00855408E-15 1.00855408E-15 3.07361537E-15 1.30305014E-15 4.53688316E-16 2.66409906E-16 6.08538673E-17 2.57117283E-17 3.11334935E-17 3.11334935E-17 4.42585233E-17 3.21765104E-16 3.21765104E-16 6.22685892E-16 6.22685892E-16 6.22685892E-16 2.74292615E-16 1.43298665E-15 4.56796538E-16 4.56796538E-16 5.35559534E-16 5.35559534E-16 4.82912015E-17 6.55588030E-16
Liver      5.73899618E-17 1.10172064E-15 1.10172064E-15 1.97404165E-15 7.61498463E-16 5.08578882E-16 1.82423815E-16 4.29831908E-17 4.36529006E-17 4.71280214E-17 4.71280214E-17 6.84513882E-17 4.63894180E-16 4.63894180E-16 1.09845220E-15 1.09845220E-15 1.09845220E-15 4.06408088E-16 1.58176476E-15 2.08555313E-16 2.08555313E-16 2.46190439E-16 2.46190439E-16 3.81622417E-17 5.86819095E-16
Pancreas   2.44299871E-17 3.67843700E-16 3.67843700E-16 4.76423200E-15 5.00199499E-15 1.38899088E-15 7.32290785E-16 1.09840413E-16 2.14787780E-17 1.86605495E-17 1.86605495E-17 2.73972179E-17 1.51801416E-16 1.51801416E-16 2.95970062E-16 2.95970062E-16 2.95970062E-16 1.31104500E-16 1.33403623E-15 2.24112447E-16 2.24112447E-16 3.63277497E-16 3.63277497E-16 9.94054380E-17 6.46116734E-16
Kidneys    2.04581916E-17 3.49594909E-16 3.49594909E-16 2.22350053E-15 2.31594611E-15 1.40997940E-15 6.50035044E-16 1.23995643E-16 1.56654408E-17 1.74557128E-17 1.74557128E-17 2.47760572E-17 1.59339656E-16 1.59339656E-16 3.10613956E-16 3.10613956E-16 3.10613956E-16 1.32996670E-16 1.39094554E-15 2.56508456E-16 2.56508456E-16 3.60585840E-16 3.60585840E-16 9.52814357E-17 6.46950691E-16
Spleen     4.48865765E-17 1.00725631E-15 1.00725631E-15 6.77704632E-15 8.67850938E-16 1.22805226E-16 2.43883305E-16 4.08522961E-17 3.02490921E-17 4.27749078E-17 4.27749078E-17 6.01328879E-17 4.63557723E-16 4.63557723E-16 1.27280104E-15 1.27280104E-15 1.27280104E-15 3.52462805E-16 1.61002715E-15 2.17495458E-16 2.17495458E-16 2.48785965E-16 2.48785965E-16 2.88151441E-17 5.58275651E-16
GB-wall    3.88992429E-17 6.79515092E-16 6.79515092E-16 2.14563475E-15 1.87582823E-15 7.04252697E-16 3.43859118E-16 6.62003303E-17 3.27693157E-17 3.00568309E-17 3.00568309E-17 4.33148413E-17 2.63878467E-16 2.63878467E-16 5.08418665E-16 5.08418665E-16 5.08418665E-16 2.32267525E-16 3.07345516E-16 2.99286568E-16 2.99286568E-16 4.12272054E-16 4.12272054E-16 5.97884200E-17 6.61607279E-16
Ureters    7.81862126E-18 1.02242893E-16 1.02242893E-16 6.62708260E-16 3.29888139E-15 2.28358215E-15 2.28726715E-15 2.55451019E-15 7.50058922E-18 6.23022349E-18 6.23022349E-18 8.25008738E-18 4.79018726E-17 4.79018726E-17 9.33476087E-17 9.33476087E-17 9.33476087E-17 4.15171993E-17 2.39124841E-16 4.17399018E-16 4.17399018E-16 7.36937097E-16 7.36937097E-16 2.13153560E-15 7.00951697E-16
UB-wall    1.00393981E-18 6.60977910E-18 6.60977910E-18 4.02819212E-17 1.94504226E-15 6.21996956E-16 7.88975789E-16 4.75590068E-15 1.66305919E-18 8.06199186E-19 8.06199186E-19 1.04620522E-18 4.31498171E-18 4.31498171E-18 7.93878449E-18 7.93878449E-18 7.93878449E-18 3.88479733E-18 2.50259967E-16 3.20996059E-16 3.20996059E-16 3.56484268E-16 3.56484268E-16 2.12160210E-14 6.08019481E-16
Ovaries    1.00905075E-18 6.57020534E-18 6.57020534E-18 3.96923203E-17 2.27204648E-15 4.68252100E-16 4.90394179E-16 8.12704023E-15 1.25903835E-18 5.74764793E-19 5.74764793E-19 8.25409283E-19 4.03363952E-18 4.03363952E-18 8.59327359E-18 8.59327359E-18 8.59327359E-18 4.66922294E-18 1.06160214E-15 3.47367884E-16 3.47367884E-16 3.91539890E-16 3.91539890E-16 4.92108508E-15 7.40657167E-16
Testes     0.00000000E+00 0.00000000E+00 0.00000000E+00 0.00000000E+00 0.00000000E+00 0.00000000E+00 0.00000000E+00 0.00000000E+00 0.00000000E+00 0.00000000E+00 0.00000000E+00 0.00000000E+00 0.00000000E+00 0.00000000E+00 0.00000000E+00 0.00000000E+00 0.00000000E+00 0.00000000E+00 0.00000000E+00 0.00000000E+00 0.00000000E+00 0.00000000E+00 0.00000000E+00 0.00000000E+00 0.00000000E+00
Prostate   0.00000000E+00 0.00000000E+00 0.00000000E+00 0.00000000E+00 0.00000000E+00 0.00000000E+00 0.00000000E+00 0.00000000E+00 0.00000000E+00 0.00000000E+00 0.00000000E+00 0.00000000E+00 0.00000000E+00 0.00000000E+00 0.00000000E+00 0.00000000E+00 0.00000000E+00 0.00000000E+00 0.00000000E+00 0.00000000E+00 0.00000000E+00 0.00000000E+00 0.00000000E+00 0.00000000E+00 0.00000000E+00
Uterus     9.78769616E-19 6.43850643E-18 6.43850643E-18 4.00415948E-17 2.47247875E-15 4.50115462E-16 5.81846413E-16 9.79009942E-15 9.17262061E-19 5.91619690E-19 5.91619690E-19 9.09058917E-19 4.50131484E-18 4.50131484E-18 8.16260855E-18 8.16260855E-18 8.16276877E-18 3.72506033E-18 1.74685302E-16 3.11767523E-16 3.11767523E-16 3.53728525E-16 3.53728525E-16 9.59110910E-15 7.07574190E-16
LN-Sys     2.53191950E-16 1.90002110E-15 1.90002110E-15 1.19076961E-15 1.90691045E-15 1.24413811E-15 1.50570944E-15 1.39216319E-15 8.70526572E-17 3.84890857E-16 3.84890857E-16 5.21268120E-16 1.62540805E-15 1.62540805E-15 8.31689814E-16 8.31689814E-16 8.31689814E-16 1.62604892E-15 6.51621199E-16 3.16990618E-16 3.16990618E-16 3.67443156E-16 3.67443156E-16 1.01376115E-15 6.26906072E-16
Skin       1.63470067E-16 1.46522244E-16 1.46522244E-16 1.56056796E-16 1.36633611E-16 1.47582885E-16 1.45878169E-16 1.36843496E-16 2.24625143E-16 1.48220551E-16 1.48220551E-16 1.82792315E-16 1.62124239E-16 1.62124239E-16 1.80933791E-16 1.80933791E-16 1.80933791E-16 1.62957370E-16 3.35928344E-16 1.83401142E-16 1.83401142E-16 1.70295339E-16 1.70295339E-16 1.54967316E-16 4.12179182E-16
Adipose    1.91091590E-16 2.06055918E-16 2.06055918E-16 2.35007247E-16 3.42288985E-16 3.13930461E-16 3.40478525E-16 4.27668970E-16 2.47824659E-16 2.29383608E-16 2.29383608E-16 2.10670186E-16 2.31258154E-16 2.31258154E-16 2.26051081E-16 2.26051081E-16 2.26051081E-16 2.45453438E-16 1.97227926E-16 2.09132097E-16 2.09132097E-16 1.99551081E-16 1.99551081E-16 3.19890557E-16 5.05450480E-16
Muscle     2.17992133E-16 3.03372118E-16 3.03372118E-16 2.09756946E-16 3.23271150E-16 3.85467641E-16 3.86396903E-16 4.25506031E-16 8.73490599E-17 2.70831913E-16 2.70831913E-16 3.54689831E-16 3.04814077E-16 3.04814077E-16 3.08579191E-16 3.08579191E-16 3.08579191E-16 3.13401743E-16 3.04990316E-16 3.62876953E-16 3.62876953E-16 2.86549265E-16 2.86549265E-16 3.71624836E-16 5.83954350E-16
