  T/S       O-cavity       Oesophagus-s   Oesophagus-f   St-cont        SI-cont        RC-cont        LC-cont        RS-cont        ET1-sur        ET2-sur        ET2-seq        LN-ET          Bronchi        Bronchi-q      Brchiole       Brchiole-q     ALV            LN-Th          Blood          UB-cont        C-bone-S       C-bone-V       T-bone-S       T-bone-V       Other          
O-mucosa   4.59920782E-17 1.42721881E-20 1.42721881E-20 0.00000000E+00 0.00000000E+00 0.00000000E+00 0.00000000E+00 0.00000000E+00 1.59538326E-19 9.03771735E-17 9.03771735E-17 2.04629981E-16 1.76559849E-20 1.76559849E-20 2.81197995E-21 2.81197995E-21 2.81197995E-21 2.03236087E-20 6.00832204E-17 0.00000000E+00 7.59287459E-18 7.59287459E-18 1.00685577E-18 1.00685577E-18 1.54588092E-16
Oesophagus 2.42873934E-20 2.06824963E-14 1.56710484E-16 3.21012081E-20 4.24368486E-23 2.42104889E-22 0.00000000E+00 0.00000000E+00 6.99702515E-22 2.79515710E-17 2.79515710E-17 2.10429860E-19 1.23889899E-16 1.23889899E-16 2.40374538E-18 2.40374538E-18 2.40374538E-18 9.98941018E-17 3.65248174E-16 0.00000000E+00 1.44038871E-18 1.44038871E-18 1.78178047E-20 1.78178047E-20 1.26646081E-16
St-stem    1.71545036E-22 1.92437418E-18 1.92437418E-18 6.40774464E-16 1.28145280E-18 1.31221459E-21 1.00448455E-20 9.37465506E-24 0.00000000E+00 9.35462785E-24 9.35462785E-24 2.63894489E-22 1.74300780E-21 1.74300780E-21 7.51196468E-19 7.51196468E-19 7.51196468E-19 1.58854197E-21 3.63998476E-16 1.25174845E-23 6.92620895E-21 6.92620895E-21 5.27885109E-21 5.27885109E-21 1.26022201E-16
SI-stem    0.00000000E+00 1.51636391E-21 1.51636391E-21 4.22766310E-19 2.44412023E-17 9.38843378E-19 2.07385724E-18 2.15668977E-18 3.03612444E-23 1.31165382E-24 1.31165382E-24 0.00000000E+00 1.77617285E-22 1.77617285E-22 5.82919871E-22 5.82919871E-22 5.82919871E-22 1.29899663E-22 3.96538681E-16 1.15483279E-18 9.46101237E-21 9.46101237E-21 1.14440262E-20 1.14440262E-20 1.23878216E-16
RC-stem    0.00000000E+00 2.01617889E-22 2.01617889E-22 1.11546731E-21 2.59536569E-19 0.00000000E+00 6.34590063E-20 6.13120898E-21 0.00000000E+00 0.00000000E+00 0.00000000E+00 0.00000000E+00 0.00000000E+00 0.00000000E+00 1.81975205E-22 1.81975205E-22 1.81975205E-22 4.24528704E-22 3.83561051E-16 1.46999693E-20 1.08066804E-20 1.08066804E-20 6.74820715E-21 6.74820715E-21 1.24726404E-16
LC-stem    0.00000000E+00 3.70823748E-23 3.70823748E-23 4.94431664E-21 4.50499985E-19 5.05791095E-19 0.00000000E+00 1.62412630E-18 0.00000000E+00 0.00000000E+00 0.00000000E+00 0.00000000E+00 0.00000000E+00 0.00000000E+00 0.00000000E+00 0.00000000E+00 0.00000000E+00 1.08092439E-22 3.85435597E-16 2.29079194E-20 9.76606678E-21 9.76606678E-21 6.66056809E-21 6.66056809E-21 1.23824651E-16
RS-stem    0.00000000E+00 0.00000000E+00 0.00000000E+00 0.00000000E+00 1.52676204E-18 4.16437713E-21 2.25970972E-20 0.00000000E+00 0.00000000E+00 0.00000000E+00 0.00000000E+00 0.00000000E+00 0.00000000E+00 0.00000000E+00 0.00000000E+00 0.00000000E+00 0.00000000E+00 0.00000000E+00 3.87438318E-16 3.97003312E-18 5.23110623E-21 5.23110623E-21 4.56860625E-20 4.56860625E-20 1.25304564E-16
ET1-bas    2.01826172E-19 0.00000000E+00 0.00000000E+00 0.00000000E+00 0.00000000E+00 0.00000000E+00 0.00000000E+00 0.00000000E+00 1.44654106E-11 4.77384506E-18 4.77384506E-18 2.53159907E-20 0.00000000E+00 0.00000000E+00 0.00000000E+00 0.00000000E+00 0.00000000E+00 0.00000000E+00 5.57188917E-17 0.00000000E+00 2.94704343E-18 2.94704343E-18 1.17931405E-19 1.17931405E-19 1.19246543E-16
ET2-bas    9.20850936E-17 2.77913533E-17 2.77913533E-17 0.00000000E+00 0.00000000E+00 0.00000000E+00 0.00000000E+00 0.00000000E+00 4.74965220E-18 3.26010872E-13 1.83144794E-12 2.95056822E-16 4.46222173E-17 4.46222173E-17 1.04378594E-21 1.04378594E-21 1.04378594E-21 7.70118172E-17 5.83993330E-17 0.00000000E+00 1.27664627E-18 1.27664627E-18 2.59408395E-19 2.59408395E-19 1.19370476E-16
LN-ET      2.08363052E-16 1.13285093E-19 1.13285093E-19 0.00000000E+00 0.00000000E+00 0.00000000E+00 0.00000000E+00 0.00000000E+00 1.07259307E-22 2.99751199E-16 2.99751199E-16 6.01953728E-13 3.35800170E-19 3.35800170E-19 0.00000000E+00 0.00000000E+00 0.00000000E+00 3.81798657E-19 7.46902635E-18 0.00000000E+00 5.39917454E-20 5.39917454E-20 0.00000000E+00 0.00000000E+00 2.36889814E-18
Bronch-bas 0.00000000E+00 4.87510261E-17 4.87510261E-17 6.92076155E-21 0.00000000E+00 0.00000000E+00 0.00000000E+00 0.00000000E+00 0.00000000E+00 1.44285606E-21 1.44285606E-21 7.78145076E-22 7.63405053E-13 1.84090078E-12 8.25601544E-15 9.38939508E-17 0.00000000E+00 9.73754804E-16 3.15116071E-16 0.00000000E+00 2.16918675E-20 2.16918675E-20 1.74765411E-20 1.74765411E-20 1.49688863E-16
Bronch-sec 0.00000000E+00 4.87510261E-17 4.87510261E-17 6.92076155E-21 0.00000000E+00 0.00000000E+00 0.00000000E+00 0.00000000E+00 0.00000000E+00 1.44285606E-21 1.44285606E-21 7.78145076E-22 2.30761479E-12 1.01055680E-12 8.25601544E-15 9.38939508E-17 0.00000000E+00 9.73754804E-16 3.15116071E-16 0.00000000E+00 2.16918675E-20 2.16918675E-20 1.74765411E-20 1.74765411E-20 1.42867561E-16
Bchiol-sec 1.90402654E-21 2.05046547E-18 2.05046547E-18 3.50091584E-20 1.26485425E-21 2.35600052E-22 1.76688023E-22 1.43282643E-24 9.77455831E-22 2.48914139E-21 2.48914139E-21 5.17711288E-21 4.68796840E-17 4.68796840E-17 6.23663219E-13 3.71304401E-13 1.44126990E-15 1.96378772E-17 3.15116071E-16 0.00000000E+00 7.22821922E-19 7.22821922E-19 4.64022354E-19 4.64022354E-19 1.16399217E-16
AI         1.90402654E-21 2.05046547E-18 2.05046547E-18 3.50091584E-20 1.26485425E-21 2.35600052E-22 1.76688023E-22 1.43282643E-24 9.77455831E-22 2.48914139E-21 2.48914139E-21 5.17711288E-21 4.68796840E-17 4.68796840E-17 8.25601544E-15 8.25601544E-15 8.73138120E-15 1.96378772E-17 1.04806375E-15 0.00000000E+00 7.22821922E-19 7.22821922E-19 4.64022354E-19 4.64022354E-19 7.01044353E-17
LN-Th      2.71729132E-21 9.98973061E-17 9.98973061E-17 0.00000000E+00 0.00000000E+00 0.00000000E+00 0.00000000E+00 0.00000000E+00 0.00000000E+00 7.75613637E-17 7.75613637E-17 5.41535653E-19 2.03604588E-15 2.03604588E-15 2.13185603E-17 2.13185603E-17 2.13185603E-17 5.99037767E-13 1.08499392E-16 0.00000000E+00 1.06493467E-20 1.06493467E-20 5.07120902E-22 5.07120902E-22 2.16333247E-18
R-marrow   4.61266611E-19 9.46998456E-20 9.46998456E-20 1.40461210E-20 1.94792617E-20 1.54751023E-20 1.41608369E-20 2.85972481E-20 5.88719750E-20 1.14989809E-19 1.14989809E-19 2.85812264E-20 3.79026892E-20 3.79026892E-20 1.91107611E-18 1.91107611E-18 1.91107611E-18 3.92453130E-20 2.96803194E-16 6.98757231E-20 9.49401721E-17 1.33113629E-17 1.16628835E-15 3.27116373E-16 1.36993369E-16
Endost-BS  7.46021438E-19 3.47319819E-20 3.47319819E-20 4.99991216E-21 8.27363938E-21 6.89080085E-21 6.72369385E-21 1.38059548E-20 1.19556012E-19 1.99647212E-19 1.99647212E-19 1.74188628E-20 1.40344252E-20 1.40344252E-20 6.64086132E-19 6.64086132E-19 6.64086132E-19 1.45194040E-20 1.12658642E-16 3.93061958E-20 1.43460485E-15 2.31482459E-17 6.95520835E-15 2.16165652E-15 1.03028120E-16
Brain      1.12988690E-20 5.28029305E-22 5.28029305E-22 1.85035362E-24 0.00000000E+00 0.00000000E+00 0.00000000E+00 0.00000000E+00 1.49104953E-20 1.19017680E-19 1.19017680E-19 5.74236075E-21 8.30135703E-22 8.30135703E-22 1.74364867E-22 1.74364867E-22 1.74364867E-22 6.27460378E-22 7.07344897E-17 0.00000000E+00 1.91572243E-18 1.91572243E-18 7.35142659E-19 7.35142659E-19 1.50131382E-16
Eye-lens   0.00000000E+00 0.00000000E+00 0.00000000E+00 0.00000000E+00 0.00000000E+00 0.00000000E+00 0.00000000E+00 0.00000000E+00 3.98092792E-20 0.00000000E+00 0.00000000E+00 0.00000000E+00 0.00000000E+00 0.00000000E+00 0.00000000E+00 0.00000000E+00 0.00000000E+00 0.00000000E+00 5.08130273E-17 0.00000000E+00 0.00000000E+00 0.00000000E+00 0.00000000E+00 0.00000000E+00 1.53271152E-16
P-gland    0.00000000E+00 0.00000000E+00 0.00000000E+00 0.00000000E+00 0.00000000E+00 0.00000000E+00 0.00000000E+00 0.00000000E+00 0.00000000E+00 3.62716735E-19 3.62716735E-19 0.00000000E+00 0.00000000E+00 0.00000000E+00 0.00000000E+00 0.00000000E+00 3.07313472E-22 0.00000000E+00 7.01448888E-17 0.00000000E+00 1.02800450E-17 1.02800450E-17 4.97940430E-18 4.97940430E-18 1.51120471E-16
Tongue     1.07145553E-13 1.70487600E-20 1.70487600E-20 0.00000000E+00 0.00000000E+00 0.00000000E+00 0.00000000E+00 0.00000000E+00 6.95632987E-20 3.80629068E-17 3.80629068E-17 7.76526878E-17 1.76447697E-20 1.76447697E-20 6.15043510E-22 6.15043510E-22 6.15043510E-22 2.64999991E-20 5.79427127E-17 0.00000000E+00 1.27265685E-18 1.27265685E-18 3.96186202E-19 3.96186202E-19 4.75806407E-17
Tonsils    3.64062563E-16 0.00000000E+00 0.00000000E+00 0.00000000E+00 0.00000000E+00 0.00000000E+00 0.00000000E+00 0.00000000E+00 1.38170098E-20 2.23311359E-18 2.23311359E-18 3.77761172E-19 8.51620890E-21 8.51620890E-21 0.00000000E+00 0.00000000E+00 0.00000000E+00 0.00000000E+00 5.76463100E-17 0.00000000E+00 2.17351262E-19 2.17351262E-19 1.50042226E-20 1.50042226E-20 1.51026834E-16
S-glands   0.00000000E+00 1.74589172E-20 1.74589172E-20 9.18687998E-22 0.00000000E+00 0.00000000E+00 0.00000000E+00 0.00000000E+00 1.32689052E-20 3.14347027E-19 3.14347027E-19 2.92188926E-17 7.81782017E-21 7.81782017E-21 1.27443526E-21 1.27443526E-21 1.27443526E-21 2.59488504E-20 5.73819509E-17 0.00000000E+00 1.68372727E-18 1.68372727E-18 1.67171095E-19 1.67171095E-19 1.51072420E-16
Thyroid    3.88752103E-20 1.81911118E-17 1.81911118E-17 0.00000000E+00 0.00000000E+00 0.00000000E+00 0.00000000E+00 0.00000000E+00 1.55758792E-22 1.49941289E-19 1.49941289E-19 2.25394188E-19 5.85291092E-18 5.85291092E-18 3.41007243E-20 3.41007243E-20 3.41007243E-20 2.14243040E-16 2.39445276E-16 0.00000000E+00 7.25321317E-21 7.25321317E-21 5.80676824E-21 5.80676824E-21 1.36299161E-16
Breast     3.60585840E-21 7.26763276E-21 7.26763276E-21 4.10509659E-21 7.96714302E-22 8.40742112E-24 2.95569518E-23 5.15980938E-25 2.90714924E-20 2.39493341E-21 2.39493341E-21 7.41423191E-21 1.27823242E-20 1.27823242E-20 3.63694063E-20 3.63694063E-20 3.63694063E-20 1.14121429E-20 5.76238795E-17 0.00000000E+00 1.76143283E-21 1.76143283E-21 1.99615169E-21 1.99615169E-21 1.51124675E-16
Thymus     6.41623618E-21 2.07193463E-19 2.07193463E-19 1.97163838E-22 0.00000000E+00 0.00000000E+00 0.00000000E+00 0.00000000E+00 1.18421671E-22 1.24255195E-20 1.24255195E-20 1.30317831E-20 5.64014189E-19 5.64014189E-19 6.64118176E-18 6.64118176E-18 6.64118176E-18 6.13713703E-19 5.86684986E-17 0.00000000E+00 7.93349731E-19 7.93349731E-19 3.92725500E-19 3.92725500E-19 1.51080837E-16
Ht-wall    1.49164233E-21 2.60465831E-17 2.60465831E-17 1.23612723E-18 2.09756946E-21 9.71575843E-22 8.44443139E-22 0.00000000E+00 4.48961895E-22 1.77665351E-21 1.77665351E-21 4.40518425E-21 1.34525147E-17 1.34525147E-17 1.31589959E-17 1.31589959E-17 1.31589959E-17 1.83497273E-17 3.10501803E-16 0.00000000E+00 2.57565892E-20 2.57565892E-20 8.64406258E-20 8.64406258E-20 1.33407677E-16
Adrenals   0.00000000E+00 2.68717040E-20 2.68717040E-20 1.02071460E-19 4.42024471E-20 1.22435123E-21 3.67491221E-23 0.00000000E+00 0.00000000E+00 0.00000000E+00 0.00000000E+00 0.00000000E+00 4.81438013E-23 4.81438013E-23 9.12054987E-22 9.12054987E-22 9.12054987E-22 3.45733664E-22 3.04221271E-16 0.00000000E+00 4.13137229E-19 4.13137229E-19 4.37842790E-20 4.37842790E-20 1.31008469E-16
Liver      3.47431971E-22 1.16066471E-18 1.16066471E-18 3.22950714E-19 1.16542318E-19 7.72441328E-20 1.41313568E-21 1.10795311E-22 2.48818008E-22 1.35239717E-22 1.35239717E-22 6.97860012E-22 8.14610613E-21 8.14610613E-21 1.42957401E-18 1.42957401E-18 1.42957401E-18 6.96097618E-21 4.37730638E-16 2.04021154E-22 6.49330087E-20 6.49330087E-20 1.24628502E-19 1.24628502E-19 1.20619886E-16
Pancreas   0.00000000E+00 4.53143576E-21 4.53143576E-21 4.49138135E-19 6.66633593E-18 1.11481042E-19 1.01534731E-20 3.67971874E-23 5.88591576E-23 0.00000000E+00 0.00000000E+00 5.50299558E-24 1.60570128E-22 1.60570128E-22 4.24208268E-21 4.24208268E-21 4.24208268E-21 2.69373933E-22 3.26635720E-16 1.97916861E-23 4.61667155E-21 4.61667155E-21 7.17662914E-21 7.17662914E-21 1.29394431E-16
Kidneys    0.00000000E+00 2.89353074E-21 2.89353074E-21 5.91539581E-20 1.74444976E-19 2.43546848E-19 9.79843074E-21 1.40496458E-21 3.54978222E-24 9.62843982E-23 9.62843982E-23 0.00000000E+00 1.12309367E-21 1.12309367E-21 3.10277498E-21 3.10277498E-21 3.10277498E-21 4.75445873E-22 4.43610626E-16 5.51373016E-22 2.71216436E-20 2.71216436E-20 9.02233645E-21 9.02233645E-21 1.20153120E-16
Spleen     1.66225811E-22 2.56316194E-20 2.56316194E-20 3.04221271E-19 2.41447997E-20 7.79410796E-23 2.64150837E-21 0.00000000E+00 0.00000000E+00 9.53759641E-23 9.53759641E-23 7.68756322E-23 2.97444065E-21 2.97444065E-21 1.37309729E-18 1.37309729E-18 1.37309729E-18 4.91451616E-21 5.89665034E-16 4.79034748E-24 6.64823133E-21 6.64823133E-21 1.49558369E-20 1.49558369E-20 1.08222111E-16
GB-wall    0.00000000E+00 6.74291996E-21 6.74291996E-21 5.25658084E-20 1.29829167E-18 4.90378157E-21 1.18666804E-21 0.00000000E+00 0.00000000E+00 0.00000000E+00 0.00000000E+00 0.00000000E+00 0.00000000E+00 0.00000000E+00 1.72105798E-20 1.72105798E-20 1.72105798E-20 1.80068615E-23 5.79763584E-17 0.00000000E+00 1.01400148E-18 1.01400148E-18 4.27188317E-21 4.27188317E-21 1.49392588E-16
Ureters    0.00000000E+00 4.80636924E-23 4.80636924E-23 1.04998636E-20 1.31440957E-19 5.25481844E-20 5.00247565E-20 1.29489506E-19 0.00000000E+00 0.00000000E+00 0.00000000E+00 0.00000000E+00 0.00000000E+00 0.00000000E+00 0.00000000E+00 0.00000000E+00 5.65087647E-22 0.00000000E+00 5.78642060E-17 4.91740007E-19 5.76671383E-19 5.76671383E-19 2.75686508E-20 2.75686508E-20 1.50921959E-16
UB-wall    0.00000000E+00 0.00000000E+00 0.00000000E+00 0.00000000E+00 1.11126961E-18 1.20228926E-20 2.28342193E-20 4.36400832E-18 0.00000000E+00 0.00000000E+00 0.00000000E+00 0.00000000E+00 0.00000000E+00 0.00000000E+00 0.00000000E+00 0.00000000E+00 0.00000000E+00 0.00000000E+00 3.90866976E-17 2.36689532E-16 9.52029290E-19 9.52029290E-19 2.99799264E-19 2.99799264E-19 1.51629513E-16
Ovaries    0.00000000E+00 0.00000000E+00 0.00000000E+00 0.00000000E+00 8.72465206E-19 3.17647510E-21 1.40547728E-21 4.16678039E-19 0.00000000E+00 0.00000000E+00 0.00000000E+00 0.00000000E+00 0.00000000E+00 0.00000000E+00 0.00000000E+00 0.00000000E+00 0.00000000E+00 0.00000000E+00 2.47728528E-16 1.97868796E-19 1.14717439E-20 1.14717439E-20 3.25145696E-21 3.25145696E-21 1.44982791E-16
Testes     0.00000000E+00 0.00000000E+00 0.00000000E+00 0.00000000E+00 0.00000000E+00 0.00000000E+00 0.00000000E+00 0.00000000E+00 0.00000000E+00 0.00000000E+00 0.00000000E+00 0.00000000E+00 0.00000000E+00 0.00000000E+00 0.00000000E+00 0.00000000E+00 0.00000000E+00 0.00000000E+00 0.00000000E+00 0.00000000E+00 0.00000000E+00 0.00000000E+00 0.00000000E+00 0.00000000E+00 0.00000000E+00
Prostate   0.00000000E+00 0.00000000E+00 0.00000000E+00 0.00000000E+00 0.00000000E+00 0.00000000E+00 0.00000000E+00 0.00000000E+00 0.00000000E+00 0.00000000E+00 0.00000000E+00 0.00000000E+00 0.00000000E+00 0.00000000E+00 0.00000000E+00 0.00000000E+00 0.00000000E+00 0.00000000E+00 0.00000000E+00 0.00000000E+00 0.00000000E+00 0.00000000E+00 0.00000000E+00 0.00000000E+00 0.00000000E+00
Uterus     0.00000000E+00 0.00000000E+00 0.00000000E+00 0.00000000E+00 3.12472480E-18 4.83296537E-21 7.18207654E-21 7.72665633E-18 0.00000000E+00 0.00000000E+00 0.00000000E+00 0.00000000E+00 0.00000000E+00 0.00000000E+00 0.00000000E+00 0.00000000E+00 0.00000000E+00 0.00000000E+00 5.75934382E-17 3.59336143E-18 1.68773271E-20 1.68773271E-20 7.56804085E-21 7.56804085E-21 1.51195131E-16
LN-Sys     4.13938317E-21 1.68388749E-17 1.68388749E-17 2.96803194E-19 1.87903258E-18 8.51124215E-19 1.35161211E-18 1.19919706E-18 7.43201607E-22 8.80267805E-21 8.80267805E-21 1.56768163E-20 1.03034368E-17 1.03034368E-17 2.74773268E-18 2.74773268E-18 2.74773268E-18 4.29335233E-18 1.17330588E-16 2.79579797E-19 2.71889350E-19 2.71889350E-19 1.13331556E-19 1.13331556E-19 1.47119151E-16
Skin       5.34870598E-21 2.30889654E-21 2.30889654E-21 2.58383002E-21 2.16758457E-21 3.24024173E-21 3.24729130E-21 2.01665954E-21 5.56836438E-19 2.50644490E-21 2.50644490E-21 5.08290491E-21 3.35992431E-21 3.35992431E-21 4.14611231E-21 4.14611231E-21 4.14611231E-21 3.72137533E-21 9.67346098E-17 3.49963410E-21 1.28933551E-20 1.28933551E-20 7.37513880E-21 7.37513880E-21 1.46734577E-16
Adipose    4.58014192E-19 4.18760868E-19 4.18760868E-19 1.49628864E-20 9.45059823E-20 3.55522962E-20 5.79731540E-20 1.33789748E-19 3.92421087E-18 2.23711903E-18 2.23711903E-18 1.47366591E-18 1.38408822E-18 1.38408822E-18 4.55066188E-19 4.55066188E-19 4.55066188E-19 2.71953437E-18 3.13722178E-17 4.41848232E-20 2.60465831E-19 2.60465831E-19 6.56363641E-20 6.56363641E-20 1.55311599E-16
Muscle     1.31227867E-18 4.66569815E-19 4.66569815E-19 4.95617274E-21 7.89328268E-21 2.19610331E-20 1.31530679E-20 1.34137420E-20 1.74605194E-19 3.03900836E-19 3.03900836E-19 3.03740618E-18 3.86653252E-19 3.86653252E-19 2.20972181E-19 2.20972181E-19 2.20972181E-19 5.32323138E-19 4.65095812E-17 2.67355190E-20 1.32267680E-18 1.32267680E-18 1.73115169E-19 1.73115169E-19 1.52060823E-16
