  T/S       O-cavity       Oesophagus-s   Oesophagus-f   St-cont        SI-cont        RC-cont        LC-cont        RS-cont        ET1-sur        ET2-sur        ET2-seq        LN-ET          Bronchi        Bronchi-q      Brchiole       Brchiole-q     ALV            LN-Th          Blood          UB-cont        C-bone-S       C-bone-V       T-bone-S       T-bone-V       Other          
O-mucosa   4.59920782E-17 6.52518418E-21 6.52518418E-21 0.00000000E+00 0.00000000E+00 0.00000000E+00 0.00000000E+00 0.00000000E+00 8.54216416E-20 6.20779302E-17 6.20779302E-17 3.13065286E-17 2.53993038E-21 2.53993038E-21 7.24952817E-22 7.24952817E-22 2.71120305E-22 1.89361239E-21 6.39733049E-17 0.00000000E+00 1.10985970E-18 1.10985970E-18 4.60497566E-19 4.60497566E-19 1.29959814E-16
Oesophagus 1.00204924E-20 1.92068917E-14 1.45527292E-16 5.64222472E-20 8.75573428E-22 3.80805307E-21 7.33700700E-23 0.00000000E+00 6.05526581E-23 2.03123935E-17 2.03123935E-17 3.88960386E-19 1.62733066E-17 1.62733066E-17 6.68572226E-19 6.68572226E-19 6.68572226E-19 1.01842348E-16 3.24392673E-16 0.00000000E+00 6.24368177E-19 6.24368177E-19 1.52097818E-20 1.52097818E-20 1.00795703E-16
St-stem    2.55947694E-23 3.53087654E-18 3.53087654E-18 6.40774464E-16 4.34766612E-19 1.85612146E-20 1.10782493E-18 1.15472064E-22 7.24327968E-24 1.19171489E-24 1.19171489E-24 1.37008520E-23 1.00941925E-20 1.00941925E-20 2.59985179E-19 2.59985179E-19 2.59985179E-19 4.44908389E-21 3.19730340E-16 0.00000000E+00 4.25105487E-21 4.25105487E-21 4.81534143E-21 4.81534143E-21 1.00891009E-16
SI-stem    0.00000000E+00 2.77032336E-21 2.77032336E-21 1.75886935E-19 2.26948299E-17 5.72617876E-19 2.18088263E-19 4.49538679E-19 3.26715829E-25 0.00000000E+00 0.00000000E+00 3.32195273E-24 5.41519631E-22 5.41519631E-22 1.64094916E-21 1.64094916E-21 1.64094916E-21 6.51829482E-22 3.47480037E-16 3.75806517E-19 6.05959169E-21 6.05959169E-21 2.89160812E-21 2.89160812E-21 9.83577447E-17
RC-stem    0.00000000E+00 1.00749664E-22 1.00749664E-22 5.33652944E-21 8.92236064E-19 0.00000000E+00 1.74525085E-19 3.44099444E-21 0.00000000E+00 0.00000000E+00 0.00000000E+00 0.00000000E+00 7.26122406E-22 7.26122406E-22 2.80060450E-22 2.80060450E-22 2.80060450E-22 3.76495453E-22 3.49546844E-16 1.66081615E-21 3.59977013E-21 3.59977013E-21 7.23046227E-21 7.23046227E-21 9.71980856E-17
LC-stem    0.00000000E+00 3.91315585E-21 3.91315585E-21 1.68516923E-19 4.93983054E-19 9.24535942E-19 0.00000000E+00 1.58301446E-18 9.77119374E-24 0.00000000E+00 0.00000000E+00 0.00000000E+00 2.22125748E-21 2.22125748E-21 3.44211596E-21 3.44211596E-21 3.44211596E-21 1.24032493E-21 3.51918065E-16 2.26964321E-22 1.86797757E-21 1.86797757E-21 1.14661362E-19 1.14661362E-19 9.82635854E-17
RS-stem    0.00000000E+00 0.00000000E+00 0.00000000E+00 0.00000000E+00 1.23891501E-19 4.03139648E-22 1.16548726E-21 0.00000000E+00 0.00000000E+00 0.00000000E+00 0.00000000E+00 0.00000000E+00 0.00000000E+00 0.00000000E+00 0.00000000E+00 0.00000000E+00 0.00000000E+00 0.00000000E+00 3.47752407E-16 2.13185603E-19 1.38713236E-20 1.38713236E-20 2.43594913E-21 2.43594913E-21 9.95825538E-17
ET1-bas    7.58053783E-20 0.00000000E+00 0.00000000E+00 0.00000000E+00 0.00000000E+00 0.00000000E+00 0.00000000E+00 0.00000000E+00 1.25053079E-11 1.17657432E-16 1.17657432E-16 2.40534756E-21 0.00000000E+00 0.00000000E+00 0.00000000E+00 0.00000000E+00 0.00000000E+00 0.00000000E+00 6.12223679E-17 0.00000000E+00 3.56516312E-18 3.56516312E-18 1.49189868E-19 1.49189868E-19 9.92396348E-17
ET2-bas    6.23486980E-17 2.05911722E-17 2.05911722E-17 0.00000000E+00 0.00000000E+00 0.00000000E+00 0.00000000E+00 0.00000000E+00 1.17445945E-16 2.81886931E-13 1.58338296E-12 1.34057311E-15 6.82991815E-18 6.82991815E-18 3.23399324E-22 3.23399324E-22 3.23399324E-22 3.35351560E-19 6.36112131E-17 0.00000000E+00 1.18099633E-18 1.18099633E-18 3.50524172E-19 3.50524172E-19 9.94211673E-17
LN-ET      2.95905975E-17 3.39821633E-19 3.39821633E-19 0.00000000E+00 0.00000000E+00 0.00000000E+00 0.00000000E+00 0.00000000E+00 0.00000000E+00 1.32285304E-15 1.32285304E-15 4.92108508E-13 1.51958429E-17 1.51958429E-17 0.00000000E+00 0.00000000E+00 3.30272661E-21 6.41399313E-19 2.58863655E-17 0.00000000E+00 0.00000000E+00 0.00000000E+00 1.16148182E-18 1.16148182E-18 1.39842700E-18
Bronch-bas 2.62949205E-22 7.11414426E-18 7.11414426E-18 1.97516317E-20 5.93718541E-22 3.04141163E-22 1.73115169E-21 0.00000000E+00 3.31634511E-22 2.94592191E-21 2.94592191E-21 8.05237881E-21 6.86019928E-13 1.65408701E-12 6.53159288E-15 9.10436789E-17 0.00000000E+00 2.95201018E-16 2.63525989E-16 0.00000000E+00 9.06575543E-21 9.06575543E-21 9.46037150E-21 9.46037150E-21 1.25677321E-16
Bronch-sec 2.62949205E-22 7.11414426E-18 7.11414426E-18 1.97516317E-20 5.93718541E-22 3.04141163E-22 1.73115169E-21 0.00000000E+00 3.31634511E-22 2.94592191E-21 2.94592191E-21 8.05237881E-21 2.07353681E-12 9.08241807E-13 6.53159288E-15 9.10436789E-17 0.00000000E+00 2.95201018E-16 2.63525989E-16 0.00000000E+00 9.06575543E-21 9.06575543E-21 9.46037150E-21 9.46037150E-21 1.19758002E-16
Bchiol-sec 2.71120305E-22 5.94743934E-19 5.94743934E-19 1.38211755E-19 2.35391769E-21 1.31908792E-21 3.38924414E-21 4.00944666E-25 5.29407177E-22 1.32077021E-21 1.32077021E-21 3.30272661E-21 6.91771742E-17 6.91771742E-17 5.99662616E-13 3.56996965E-13 1.38580255E-15 8.21403841E-18 2.63525989E-16 0.00000000E+00 3.32499686E-19 3.32499686E-19 2.56748782E-19 2.56748782E-19 9.92064753E-17
AI         2.71120305E-22 5.94743934E-19 5.94743934E-19 1.38211755E-19 2.35391769E-21 1.31908792E-21 3.38924414E-21 4.00944666E-25 5.29407177E-22 1.32077021E-21 1.32077021E-21 3.30272661E-21 6.91771742E-17 6.91771742E-17 6.53159288E-15 6.53159288E-15 7.17230326E-15 8.21403841E-18 8.48865146E-16 0.00000000E+00 3.32499686E-19 3.32499686E-19 2.56748782E-19 2.56748782E-19 5.74492866E-17
LN-Th      1.89361239E-21 1.00765686E-16 1.00765686E-16 0.00000000E+00 3.85611837E-22 0.00000000E+00 0.00000000E+00 0.00000000E+00 0.00000000E+00 4.02418668E-19 4.02418668E-19 6.50772045E-19 4.76182874E-16 4.76182874E-16 9.06062847E-18 9.06062847E-18 9.06062847E-18 4.90506331E-13 8.83488180E-17 0.00000000E+00 1.71224601E-19 1.71224601E-19 0.00000000E+00 0.00000000E+00 1.10949831E-18
R-marrow   3.66225501E-19 1.34159850E-19 1.34159850E-19 9.17999062E-21 1.13030347E-20 8.18471858E-21 1.29747456E-20 1.65280526E-20 1.13124875E-19 2.15332520E-19 2.15332520E-19 4.46847022E-19 2.55162627E-20 2.55162627E-20 4.72097324E-19 4.72097324E-19 4.72097324E-19 5.95609109E-20 2.25986993E-16 1.73611844E-20 7.49530204E-17 1.24349724E-17 8.99686185E-16 2.60241527E-16 1.25160567E-16
Endost-BS  6.01809532E-19 6.01376944E-20 6.01376944E-20 3.15805007E-21 4.26499381E-21 3.21300473E-21 4.58462802E-21 8.15427723E-21 2.26964321E-19 3.57061052E-19 3.57061052E-19 2.13265712E-19 8.82382678E-21 8.82382678E-21 1.59850750E-19 1.59850750E-19 1.59850750E-19 1.94600356E-20 8.65207347E-17 9.27243620E-21 1.05514537E-15 1.56478169E-17 5.19681965E-15 1.68869402E-15 9.92756281E-17
Brain      1.46640805E-20 3.48297147E-22 3.48297147E-22 5.09155666E-25 0.00000000E+00 0.00000000E+00 0.00000000E+00 0.00000000E+00 1.44641289E-20 1.70856101E-18 1.70856101E-18 3.61306820E-21 2.26211298E-22 2.26211298E-22 0.00000000E+00 0.00000000E+00 0.00000000E+00 9.81909882E-23 6.29463098E-17 0.00000000E+00 1.14212753E-18 1.14212753E-18 3.09716737E-19 3.09716737E-19 1.24637979E-16
Eye-lens   0.00000000E+00 0.00000000E+00 0.00000000E+00 0.00000000E+00 0.00000000E+00 0.00000000E+00 0.00000000E+00 0.00000000E+00 1.14472306E-19 3.02266616E-20 3.02266616E-20 0.00000000E+00 0.00000000E+00 0.00000000E+00 0.00000000E+00 0.00000000E+00 0.00000000E+00 0.00000000E+00 6.22573739E-17 0.00000000E+00 0.00000000E+00 0.00000000E+00 0.00000000E+00 0.00000000E+00 1.27329059E-16
P-gland    1.41831071E-20 0.00000000E+00 0.00000000E+00 0.00000000E+00 0.00000000E+00 0.00000000E+00 0.00000000E+00 0.00000000E+00 2.97636326E-20 1.41246277E-16 1.41246277E-16 1.45841319E-21 0.00000000E+00 0.00000000E+00 0.00000000E+00 0.00000000E+00 1.30425177E-22 0.00000000E+00 6.44331296E-17 0.00000000E+00 4.96226102E-19 4.96226102E-19 0.00000000E+00 0.00000000E+00 1.23841014E-16
Tongue     9.21027175E-14 8.52454022E-21 8.52454022E-21 0.00000000E+00 0.00000000E+00 0.00000000E+00 0.00000000E+00 0.00000000E+00 5.51757539E-20 3.07697994E-17 3.07697994E-17 1.56507008E-17 6.72145080E-22 6.72145080E-22 7.04621197E-22 7.04621197E-22 7.04621197E-22 4.29062863E-21 6.32891756E-17 0.00000000E+00 5.81894478E-19 5.81894478E-19 2.50948903E-19 2.50948903E-19 5.45514774E-17
Tonsils    5.43730634E-19 0.00000000E+00 0.00000000E+00 0.00000000E+00 0.00000000E+00 0.00000000E+00 0.00000000E+00 0.00000000E+00 3.51405369E-21 1.58011452E-18 1.58011452E-18 1.88912630E-20 0.00000000E+00 0.00000000E+00 0.00000000E+00 0.00000000E+00 0.00000000E+00 0.00000000E+00 6.46702517E-17 0.00000000E+00 1.02305377E-18 1.02305377E-18 6.22045021E-19 6.22045021E-19 1.23986665E-16
S-glands   0.00000000E+00 9.10725181E-21 9.10725181E-21 0.00000000E+00 0.00000000E+00 0.00000000E+00 0.00000000E+00 0.00000000E+00 1.45285364E-21 9.86700390E-20 9.86700390E-20 2.29031129E-19 1.88720368E-21 1.88720368E-21 3.11447087E-22 3.11447087E-22 3.11447087E-22 4.16469756E-21 6.36833110E-17 0.00000000E+00 4.37266007E-19 4.37266007E-19 1.90194371E-20 1.90194371E-20 1.24529416E-16
Thyroid    7.87101243E-21 2.95361235E-17 2.95361235E-17 0.00000000E+00 0.00000000E+00 0.00000000E+00 0.00000000E+00 0.00000000E+00 0.00000000E+00 1.01996157E-19 1.01996157E-19 2.68813171E-19 3.24504826E-18 3.24504826E-18 2.18905373E-20 2.18905373E-20 2.18905373E-20 7.80500276E-17 2.02418977E-16 0.00000000E+00 1.29271610E-20 1.29271610E-20 1.55596972E-22 1.55596972E-22 1.11768769E-16
Breast     3.74588863E-23 1.96587055E-22 1.96587055E-22 7.74347918E-21 3.86925622E-22 4.53303793E-22 1.39322063E-21 0.00000000E+00 7.55137822E-21 0.00000000E+00 0.00000000E+00 2.67435299E-21 1.18142892E-20 1.18142892E-20 1.59753018E-20 1.59753018E-20 1.59753018E-20 3.66545937E-21 6.42745141E-17 0.00000000E+00 4.06295935E-23 4.06295935E-23 2.93855189E-22 2.93855189E-22 1.24845113E-16
Thymus     1.20345885E-21 1.94215834E-19 1.94215834E-19 5.92212495E-22 0.00000000E+00 0.00000000E+00 7.17791088E-23 0.00000000E+00 5.50636015E-22 7.08065877E-21 7.08065877E-21 2.12688929E-20 2.47776594E-19 2.47776594E-19 4.14867580E-18 4.14867580E-18 4.14867580E-18 7.33844896E-19 6.38387221E-17 0.00000000E+00 1.08484972E-18 1.08484972E-18 6.99638428E-20 6.99638428E-20 1.24474501E-16
Ht-wall    4.60385414E-22 1.23662390E-17 1.23662390E-17 2.99414742E-18 5.70519025E-21 7.69012670E-22 4.87958871E-21 0.00000000E+00 4.74708871E-22 5.85098831E-22 5.85098831E-22 2.45116981E-21 1.53520551E-18 1.53520551E-18 3.63325562E-18 3.63325562E-18 3.63325562E-18 1.70311361E-17 2.30040500E-16 2.43114260E-22 7.47319201E-21 7.47319201E-21 7.21764486E-21 7.21764486E-21 1.11182551E-16
Adrenals   0.00000000E+00 1.43159276E-20 1.43159276E-20 7.55105778E-20 3.84378161E-20 1.08324754E-20 2.05366982E-20 1.25407160E-22 0.00000000E+00 0.00000000E+00 0.00000000E+00 0.00000000E+00 1.57043737E-20 1.57043737E-20 4.03620301E-21 4.03620301E-21 4.03620301E-21 1.84779014E-21 2.69213715E-16 0.00000000E+00 8.94254806E-21 8.94254806E-21 4.39188619E-21 4.39188619E-21 1.05205266E-16
Liver      2.34542616E-22 3.15805007E-19 3.15805007E-19 2.80733364E-19 4.79996054E-20 9.99950389E-20 1.10128805E-20 2.31562568E-22 2.57405674E-22 1.76079196E-22 1.76079196E-22 2.62756944E-22 5.96217936E-20 5.96217936E-20 6.99510254E-19 6.99510254E-19 6.99510254E-19 6.70959469E-21 3.35784148E-16 2.26723995E-22 4.27684991E-20 4.27684991E-20 1.05540172E-19 1.05540172E-19 9.95254377E-17
Pancreas   9.67810729E-25 1.08576296E-20 1.08576296E-20 3.21989409E-19 5.06992728E-18 9.49289569E-20 7.49626335E-20 1.02798848E-21 3.03227922E-24 0.00000000E+00 0.00000000E+00 3.30384813E-23 4.21644786E-21 4.21644786E-21 1.02561726E-21 1.02561726E-21 1.02561726E-21 1.19741864E-21 2.72097633E-16 9.24648094E-24 3.18256337E-21 3.18256337E-21 5.27788978E-21 5.27788978E-21 1.05208170E-16
Kidneys    0.00000000E+00 3.79443457E-21 3.79443457E-21 2.45501503E-20 1.57171911E-19 4.26194967E-20 3.85820120E-20 9.70470342E-22 0.00000000E+00 4.03428039E-23 4.03428039E-23 0.00000000E+00 2.36881794E-21 2.36881794E-21 3.33829493E-21 3.33829493E-21 3.33829493E-21 1.34461059E-21 3.74476710E-16 5.16461591E-22 5.07361228E-21 5.07361228E-21 4.99366367E-21 4.99366367E-21 9.58599692E-17
Spleen     9.67169858E-23 2.10654165E-20 2.10654165E-20 1.05186091E-19 3.54834027E-20 1.92437418E-22 6.95905357E-20 1.37679832E-22 0.00000000E+00 2.86132699E-23 2.86132699E-23 1.61931978E-22 1.89809848E-20 1.89809848E-20 1.13278684E-18 1.13278684E-18 1.13278684E-18 6.04645384E-21 4.82976102E-16 0.00000000E+00 9.30351842E-21 9.30351842E-21 1.27212813E-20 1.27212813E-20 8.57202090E-17
GB-wall    0.00000000E+00 6.70046229E-21 6.70046229E-21 9.75052566E-21 4.63365462E-19 4.37922899E-18 6.98468840E-21 0.00000000E+00 0.00000000E+00 0.00000000E+00 0.00000000E+00 0.00000000E+00 1.38013085E-20 1.38013085E-20 5.80724889E-22 5.80724889E-22 5.80724889E-22 6.46542300E-22 6.33308322E-17 0.00000000E+00 5.24680756E-21 5.24680756E-21 7.27259951E-22 7.27259951E-22 1.23599547E-16
Ureters    0.00000000E+00 7.34421680E-23 7.34421680E-23 1.34318466E-20 1.75165955E-18 3.51405369E-20 2.46206461E-20 3.02154464E-20 0.00000000E+00 0.00000000E+00 0.00000000E+00 0.00000000E+00 5.41119087E-24 5.41119087E-24 0.00000000E+00 0.00000000E+00 8.25713696E-22 0.00000000E+00 6.15700402E-17 1.06861967E-19 5.83256328E-21 5.83256328E-21 1.25469645E-21 1.25469645E-21 1.24400899E-16
UB-wall    0.00000000E+00 0.00000000E+00 0.00000000E+00 0.00000000E+00 2.34013898E-19 1.90018131E-21 4.91804094E-22 1.29665745E-19 0.00000000E+00 0.00000000E+00 0.00000000E+00 0.00000000E+00 0.00000000E+00 0.00000000E+00 0.00000000E+00 0.00000000E+00 0.00000000E+00 0.00000000E+00 3.09508454E-17 1.83016620E-16 5.09780515E-20 5.09780515E-20 1.06443799E-20 1.06443799E-20 1.26852598E-16
Ovaries    0.00000000E+00 0.00000000E+00 0.00000000E+00 0.00000000E+00 0.00000000E+00 0.00000000E+00 0.00000000E+00 0.00000000E+00 0.00000000E+00 0.00000000E+00 0.00000000E+00 0.00000000E+00 0.00000000E+00 0.00000000E+00 0.00000000E+00 0.00000000E+00 0.00000000E+00 0.00000000E+00 0.00000000E+00 0.00000000E+00 0.00000000E+00 0.00000000E+00 0.00000000E+00 0.00000000E+00 0.00000000E+00
Testes     0.00000000E+00 0.00000000E+00 0.00000000E+00 0.00000000E+00 0.00000000E+00 0.00000000E+00 0.00000000E+00 3.78257847E-21 0.00000000E+00 0.00000000E+00 0.00000000E+00 0.00000000E+00 0.00000000E+00 0.00000000E+00 0.00000000E+00 0.00000000E+00 0.00000000E+00 0.00000000E+00 8.49842474E-17 1.17562904E-21 4.90346114E-22 4.90346114E-22 0.00000000E+00 0.00000000E+00 1.22547702E-16
Prostate   0.00000000E+00 0.00000000E+00 0.00000000E+00 0.00000000E+00 8.77624214E-22 0.00000000E+00 0.00000000E+00 2.54954344E-20 0.00000000E+00 0.00000000E+00 0.00000000E+00 0.00000000E+00 0.00000000E+00 0.00000000E+00 0.00000000E+00 0.00000000E+00 0.00000000E+00 0.00000000E+00 6.30728818E-17 6.98356687E-18 1.37953804E-20 1.37953804E-20 2.41255735E-21 2.41255735E-21 1.24462186E-16
Uterus     0.00000000E+00 0.00000000E+00 0.00000000E+00 0.00000000E+00 0.00000000E+00 0.00000000E+00 0.00000000E+00 0.00000000E+00 0.00000000E+00 0.00000000E+00 0.00000000E+00 0.00000000E+00 0.00000000E+00 0.00000000E+00 0.00000000E+00 0.00000000E+00 0.00000000E+00 0.00000000E+00 0.00000000E+00 0.00000000E+00 0.00000000E+00 0.00000000E+00 0.00000000E+00 0.00000000E+00 0.00000000E+00
LN-Sys     1.03667227E-21 1.30215292E-17 1.30215292E-17 1.17498817E-18 1.13800994E-18 3.68051983E-19 4.25137531E-19 1.45721156E-18 4.36224592E-23 3.06896906E-21 3.06896906E-21 1.15502505E-20 2.35375748E-19 2.35375748E-19 3.33140557E-18 3.33140557E-18 3.33140557E-18 5.90850645E-19 9.81124815E-17 5.48569207E-19 5.21588555E-19 5.21588555E-19 7.80532319E-20 7.80532319E-20 1.22356391E-16
Skin       1.75294129E-21 1.31851114E-21 1.31851114E-21 2.01922303E-21 1.80677442E-21 1.97740622E-21 3.07249385E-21 2.78490317E-21 1.82551989E-18 6.86853060E-21 6.86853060E-21 4.97363647E-21 4.40197990E-21 4.40197990E-21 2.22830706E-21 2.22830706E-21 2.22830706E-21 3.65392370E-20 6.80059832E-17 1.45285364E-21 5.28622110E-20 5.28622110E-20 1.49016833E-20 1.49016833E-20 1.23226741E-16
Adipose    2.71969459E-19 1.08577898E-18 1.08577898E-18 1.13331556E-19 1.87630888E-19 2.14387236E-19 3.13465830E-19 2.21036268E-19 1.84154165E-18 2.10525990E-18 2.10525990E-18 1.90787176E-18 7.43473977E-19 7.43473977E-19 8.30103660E-19 8.30103660E-19 8.30103660E-19 2.40134212E-18 2.30232761E-17 1.09579259E-19 4.73026586E-19 4.73026586E-19 9.81236968E-20 9.81236968E-20 1.28368385E-16
Muscle     5.78465821E-19 9.20338239E-20 9.20338239E-20 3.19217643E-21 5.56275676E-21 6.92604874E-21 5.48232750E-21 4.75878460E-20 3.05070425E-21 3.42513289E-19 3.42513289E-19 1.20637481E-18 1.46618375E-20 1.46618375E-20 8.82446766E-20 8.82446766E-20 8.82446766E-20 1.83048664E-19 3.72441946E-17 8.33772644E-21 8.83696463E-19 8.83696463E-19 1.63486089E-19 1.63486089E-19 1.26944839E-16
