  T/S       O-cavity       Oesophagus-s   Oesophagus-f   St-cont        SI-cont        RC-cont        LC-cont        RS-cont        ET1-sur        ET2-sur        ET2-seq        LN-ET          Bronchi        Bronchi-q      Brchiole       Brchiole-q     ALV            LN-Th          Blood          UB-cont        C-bone-S       C-bone-V       T-bone-S       T-bone-V       Other          
O-mucosa   2.38676231E-15 5.65808626E-20 5.65808626E-20 0.00000000E+00 0.00000000E+00 0.00000000E+00 0.00000000E+00 0.00000000E+00 5.34438011E-19 3.09011779E-16 3.09011779E-16 7.01977606E-16 5.99918964E-20 5.99918964E-20 8.70478507E-21 8.70478507E-21 8.70478507E-21 5.84025373E-20 9.48760850E-17 0.00000000E+00 2.52727319E-17 2.52727319E-17 3.55122418E-18 3.55122418E-18 2.38927615E-16
Oesophagus 7.26362732E-20 3.68068004E-13 7.18175610E-15 1.00177687E-19 1.59048060E-21 3.62652648E-21 3.65023869E-23 0.00000000E+00 2.18120307E-21 9.68739991E-17 9.68739991E-17 5.39757237E-19 4.23279006E-16 4.23279006E-16 7.84041086E-18 7.84041086E-18 7.84041086E-18 3.40077981E-16 5.69397502E-16 0.00000000E+00 4.79050770E-18 4.79050770E-18 5.53824346E-20 5.53824346E-20 1.94187947E-16
St-stem    1.71881494E-21 6.52550461E-18 6.52550461E-18 5.42737285E-15 4.32795934E-18 1.17727928E-20 3.81157786E-20 1.49922063E-22 6.23503002E-23 2.78698600E-22 2.78698600E-22 3.03900836E-21 1.12860516E-20 1.12860516E-20 2.56492434E-18 2.56492434E-18 2.56492434E-18 7.83960977E-21 5.65824648E-16 4.71969150E-22 1.96298663E-20 1.96298663E-20 1.69702534E-20 1.69702534E-20 1.81549121E-16
SI-stem    1.09555226E-22 5.72746051E-21 5.72746051E-21 1.43239384E-18 5.50443754E-16 3.15051984E-18 6.96450097E-18 7.30448282E-18 2.36593402E-22 5.37450103E-23 5.37450103E-23 6.31593993E-23 1.22391864E-21 1.22391864E-21 3.47351862E-21 3.47351862E-21 3.47351862E-21 8.76871191E-22 6.15203727E-16 3.87486383E-18 2.95425322E-20 2.95425322E-20 3.73739709E-20 3.73739709E-20 1.85944613E-16
RC-stem    0.00000000E+00 8.98308313E-22 8.98308313E-22 5.91651733E-21 8.82078265E-19 3.95609418E-17 2.44251805E-19 1.92934093E-20 9.55970644E-25 0.00000000E+00 0.00000000E+00 0.00000000E+00 2.70799870E-23 2.70799870E-23 1.93911420E-21 1.93911420E-21 1.93911420E-21 1.12157161E-21 5.93574345E-16 5.20659293E-20 2.79515710E-20 2.79515710E-20 2.40646908E-20 2.40646908E-20 1.94390263E-16
LC-stem    0.00000000E+00 4.39973685E-22 4.39973685E-22 2.01842194E-20 1.53333096E-18 1.71753319E-18 4.28886624E-17 5.62828578E-18 0.00000000E+00 0.00000000E+00 0.00000000E+00 0.00000000E+00 4.69838255E-24 4.69838255E-24 1.99038385E-23 1.99038385E-23 1.99038385E-23 1.06067288E-21 5.98044417E-16 7.48088245E-20 2.61811660E-20 2.61811660E-20 1.99759364E-20 1.99759364E-20 1.93319306E-16
RS-stem    0.00000000E+00 0.00000000E+00 0.00000000E+00 2.44828589E-22 5.15980938E-18 2.34158094E-20 7.76110312E-20 1.15033067E-16 0.00000000E+00 0.00000000E+00 0.00000000E+00 0.00000000E+00 0.00000000E+00 0.00000000E+00 0.00000000E+00 0.00000000E+00 1.01374513E-22 0.00000000E+00 6.00543813E-16 1.34014052E-17 2.24769339E-20 2.24769339E-20 1.40446791E-19 1.40446791E-19 1.95479961E-16
ET1-bas    5.28958567E-19 5.00728217E-23 5.00728217E-23 0.00000000E+00 0.00000000E+00 0.00000000E+00 0.00000000E+00 0.00000000E+00 3.61819516E-11 1.70439535E-17 1.70439535E-17 4.90506331E-20 4.39204640E-21 4.39204640E-21 0.00000000E+00 0.00000000E+00 0.00000000E+00 1.86076777E-23 8.54921373E-17 0.00000000E+00 1.03587119E-17 1.03587119E-17 4.01409297E-19 4.01409297E-19 1.46757700E-16
ET2-bas    3.14042613E-16 9.59895977E-17 9.59895977E-17 2.38483970E-23 0.00000000E+00 0.00000000E+00 0.00000000E+00 0.00000000E+00 1.62156282E-17 9.95576447E-13 2.39445276E-12 1.00144041E-15 1.67123029E-16 1.67123029E-16 8.06695861E-21 8.06695861E-21 8.06695861E-21 2.62821031E-16 8.97987877E-17 0.00000000E+00 4.26194967E-18 4.26194967E-18 9.21652024E-19 9.21652024E-19 1.47143596E-16
LN-ET      7.12039274E-16 2.87302288E-19 2.87302288E-19 0.00000000E+00 0.00000000E+00 0.00000000E+00 0.00000000E+00 0.00000000E+00 3.70567400E-21 1.02569737E-15 1.02569737E-15 9.30079472E-13 1.76768132E-18 1.76768132E-18 1.42004106E-20 1.42004106E-20 1.42004106E-20 1.13852263E-18 1.08629168E-17 0.00000000E+00 2.27829496E-19 2.27829496E-19 6.32234864E-22 6.32234864E-22 8.16879953E-18
Bronch-bas 3.41840375E-22 1.67155073E-16 1.67155073E-16 3.65087956E-20 3.64366977E-22 0.00000000E+00 3.77088258E-23 0.00000000E+00 0.00000000E+00 9.20418348E-21 9.20418348E-21 9.28749666E-21 2.04197393E-12 2.83104585E-12 1.28747698E-14 3.19249687E-16 1.35994342E-18 3.37033846E-15 5.04429245E-16 0.00000000E+00 4.66553793E-20 4.66553793E-20 4.09420179E-20 4.09420179E-20 2.30769576E-16
Bronch-sec 3.41840375E-22 1.67155073E-16 1.67155073E-16 3.65087956E-20 3.64366977E-22 0.00000000E+00 3.77088258E-23 0.00000000E+00 0.00000000E+00 9.20418348E-21 9.20418348E-21 9.28749666E-21 3.80100350E-12 2.09452532E-12 1.28747698E-14 3.19249687E-16 1.21281556E-18 3.37033846E-15 5.04429245E-16 0.00000000E+00 4.66553793E-20 4.66553793E-20 4.09420179E-20 4.09420179E-20 2.24093973E-16
Bchiol-sec 6.99702515E-21 6.80925007E-18 6.80925007E-18 1.04516381E-19 5.23254819E-21 8.13793503E-22 9.45236062E-22 5.39196475E-23 3.78402043E-21 9.78272941E-21 9.78272941E-21 1.79555919E-20 1.57697425E-16 1.57697425E-16 7.27612430E-13 4.96850950E-13 4.86564977E-15 6.55498466E-17 5.04429245E-16 1.27018950E-24 2.39749690E-18 2.39749690E-18 1.55787631E-18 1.55787631E-18 1.56823939E-16
AI         6.99702515E-21 6.80925007E-18 6.80925007E-18 1.04516381E-19 5.23254819E-21 8.13793503E-22 9.45236062E-22 5.39196475E-23 3.78402043E-21 9.78272941E-21 9.78272941E-21 1.79555919E-20 1.57697425E-16 1.57697425E-16 1.28747698E-14 1.28747698E-14 1.35762027E-14 6.55498466E-17 1.63277806E-15 1.27018950E-24 2.39749690E-18 2.39749690E-18 1.55787631E-18 1.55787631E-18 1.09762258E-16
LN-Th      4.31722476E-20 3.37995152E-16 3.37995152E-16 1.65745158E-22 0.00000000E+00 0.00000000E+00 0.00000000E+00 0.00000000E+00 2.00944975E-23 2.64407186E-16 2.64407186E-16 1.27113478E-18 6.92108199E-15 6.92108199E-15 7.24872708E-17 7.24872708E-17 7.24872708E-17 9.19841565E-13 1.99278711E-16 0.00000000E+00 1.87710997E-20 1.87710997E-20 1.42218798E-20 1.42218798E-20 7.96027984E-18
R-marrow   1.58376748E-18 3.26251198E-19 3.26251198E-19 4.47840372E-20 6.35022651E-20 4.95969753E-20 4.85379367E-20 8.32138424E-20 2.01649933E-19 3.80661112E-19 3.80661112E-19 8.13056502E-20 1.12038600E-19 1.12038600E-19 6.42488793E-18 6.42488793E-18 6.42488793E-18 1.12756375E-19 4.62468243E-16 2.28342193E-19 1.70455556E-16 4.36144483E-17 1.85900538E-15 9.25288965E-16 2.08414226E-16
Endost-BS  2.55739411E-18 1.19027293E-19 1.19027293E-19 1.61034759E-20 2.74564985E-20 2.23295337E-20 2.29543825E-20 4.11839466E-20 4.09035657E-19 6.77928937E-19 6.77928937E-19 5.05182268E-20 4.15700711E-20 4.15700711E-20 2.23295337E-18 2.23295337E-18 2.23295337E-18 4.21708873E-20 1.75422304E-16 1.28710848E-19 1.74332824E-15 6.70078272E-17 8.44923792E-15 4.37009659E-15 1.48985842E-16
Brain      4.40630577E-20 2.24801383E-21 2.24801383E-21 3.99791099E-23 7.27788669E-24 8.92011759E-26 0.00000000E+00 0.00000000E+00 5.21925012E-20 4.09099744E-19 4.09099744E-19 2.58302893E-20 2.90811054E-21 2.90811054E-21 8.81229111E-22 8.81229111E-22 8.81229111E-22 3.07746060E-21 1.10343497E-16 0.00000000E+00 6.51156568E-18 6.51156568E-18 2.49699205E-18 2.49699205E-18 2.34259701E-16
Eye-lens   5.07249076E-20 0.00000000E+00 0.00000000E+00 0.00000000E+00 0.00000000E+00 0.00000000E+00 0.00000000E+00 0.00000000E+00 4.70687408E-19 2.06664745E-21 2.06664745E-21 0.00000000E+00 0.00000000E+00 0.00000000E+00 0.00000000E+00 0.00000000E+00 0.00000000E+00 0.00000000E+00 8.00495438E-17 0.00000000E+00 1.70487600E-20 1.70487600E-20 1.67811965E-23 1.67811965E-23 2.34617660E-16
P-gland    2.02659304E-19 0.00000000E+00 0.00000000E+00 0.00000000E+00 0.00000000E+00 0.00000000E+00 0.00000000E+00 0.00000000E+00 2.13393886E-20 5.57893875E-19 5.57893875E-19 6.44651731E-21 0.00000000E+00 0.00000000E+00 0.00000000E+00 0.00000000E+00 1.78450417E-21 3.33829493E-23 1.08579501E-16 0.00000000E+00 4.11022356E-17 4.11022356E-17 1.36449361E-17 1.36449361E-17 2.34272812E-16
Tongue     1.66466137E-13 6.45324645E-20 6.45324645E-20 3.86380882E-22 3.48841887E-24 0.00000000E+00 0.00000000E+00 0.00000000E+00 2.65688927E-19 1.29560002E-16 1.29560002E-16 2.65224296E-16 6.21948890E-20 6.21948890E-20 4.21933178E-21 4.21933178E-21 4.21933178E-21 7.36712792E-20 9.13961577E-17 0.00000000E+00 4.23903855E-18 4.23903855E-18 1.36149754E-18 1.36149754E-18 7.43582441E-17
Tonsils    1.22100268E-15 1.36487813E-20 1.36487813E-20 0.00000000E+00 0.00000000E+00 0.00000000E+00 0.00000000E+00 0.00000000E+00 1.08839053E-19 7.31249370E-18 7.31249370E-18 1.06184247E-18 2.66490015E-20 2.66490015E-20 0.00000000E+00 0.00000000E+00 0.00000000E+00 1.98525689E-20 8.94975786E-17 0.00000000E+00 8.12047131E-19 8.12047131E-19 4.12432271E-20 4.12432271E-20 2.35538184E-16
S-glands   3.20227014E-23 5.78337647E-20 5.78337647E-20 1.57306494E-21 1.41698091E-24 0.00000000E+00 0.00000000E+00 0.00000000E+00 4.48513286E-20 8.48304385E-19 8.48304385E-19 9.94583098E-17 3.41568005E-20 3.41568005E-20 6.76743326E-21 6.76743326E-21 6.76743326E-21 6.83184076E-20 8.93437696E-17 0.00000000E+00 5.87229726E-18 5.87229726E-18 6.04565276E-19 6.04565276E-19 2.35700555E-16
Thyroid    1.24024482E-19 6.23118479E-17 6.23118479E-17 5.18031724E-22 0.00000000E+00 0.00000000E+00 0.00000000E+00 0.00000000E+00 3.51100955E-21 4.13393577E-19 4.13393577E-19 6.49362130E-19 1.90498784E-17 1.90498784E-17 1.00977173E-19 1.00977173E-19 1.00977173E-19 7.35366964E-16 3.72522055E-16 0.00000000E+00 3.57653857E-20 3.57653857E-20 2.55290801E-20 2.55290801E-20 2.12881581E-16
Breast     1.30059881E-20 2.72161720E-20 2.72161720E-20 1.66674420E-20 2.21372725E-21 2.86405069E-22 4.19850348E-22 2.68444670E-23 1.05833370E-19 7.35286855E-21 7.35286855E-21 2.20475506E-20 4.01649624E-20 4.01649624E-20 1.03553473E-19 1.03553473E-19 1.03553473E-19 3.95337048E-20 9.00118772E-17 3.63790193E-24 6.77624523E-21 6.77624523E-21 6.41223074E-21 6.41223074E-21 2.35619466E-16
Thymus     3.13385721E-20 5.47896293E-19 5.47896293E-19 3.84810749E-21 4.64567094E-24 0.00000000E+00 0.00000000E+00 0.00000000E+00 2.95857910E-21 4.91083115E-20 4.91083115E-20 6.09099435E-20 1.26855528E-18 1.26855528E-18 2.31258154E-17 2.31258154E-17 2.31258154E-17 1.52216379E-18 9.12215205E-17 0.00000000E+00 2.69037476E-18 2.69037476E-18 1.50071065E-18 1.50071065E-18 2.35484815E-16
Ht-wall    6.48593085E-21 8.82270526E-17 8.82270526E-17 4.22734266E-18 7.74924701E-21 1.99182581E-21 2.35391769E-21 4.52903249E-24 4.07866068E-21 5.16109112E-21 5.16109112E-21 1.41186996E-20 4.63589767E-17 4.63589767E-17 4.40886926E-17 4.40886926E-17 4.40886926E-17 6.26082506E-17 5.61146293E-16 7.05598525E-23 7.79106382E-20 7.79106382E-20 2.89208878E-19 2.89208878E-19 2.07395837E-16
Adrenals   4.40117881E-23 7.42512671E-20 7.42512671E-20 3.03404161E-19 1.58246972E-19 1.56694463E-20 1.91572243E-21 3.65472478E-21 0.00000000E+00 0.00000000E+00 0.00000000E+00 5.33172291E-24 3.05775383E-21 3.05775383E-21 1.04136665E-20 1.04136665E-20 1.04136665E-20 4.55178340E-21 4.73651435E-16 2.17383306E-24 1.44594826E-18 1.44594826E-18 1.69942860E-19 1.69942860E-19 2.04596755E-16
Liver      1.59381313E-21 3.91892369E-18 3.91892369E-18 1.07656647E-18 3.89200712E-19 2.68508757E-19 5.41247261E-21 6.54088551E-22 8.97571312E-22 9.36856679E-22 9.36856679E-22 2.33677441E-21 2.75029616E-20 2.75029616E-20 4.82879971E-18 4.82879971E-18 4.82879971E-18 2.53656581E-20 6.82863641E-16 8.27492112E-22 2.17751806E-19 2.17751806E-19 4.20555306E-19 4.20555306E-19 1.88404207E-16
Pancreas   1.47574874E-23 2.00207974E-20 2.00207974E-20 1.37513206E-18 2.27300778E-17 3.58406880E-19 3.81798657E-20 1.25865383E-21 8.53191023E-22 5.99181963E-24 5.99181963E-24 1.97452230E-22 2.97299869E-21 2.97299869E-21 1.48814959E-20 1.48814959E-20 1.48814959E-20 2.09035966E-21 5.09668362E-16 7.80179840E-22 2.00352170E-20 2.00352170E-20 2.48353377E-20 2.48353377E-20 2.02035782E-16
Kidneys    8.38242716E-24 1.39563992E-20 1.39563992E-20 1.83112751E-19 5.17102461E-19 7.91619380E-19 3.48489408E-20 4.75125437E-21 1.79908398E-22 9.62155046E-22 9.62155046E-22 2.04886329E-22 5.93462193E-21 5.93462193E-21 1.45495249E-20 1.45495249E-20 1.45495249E-20 3.70935900E-21 6.91659589E-16 2.99574960E-21 8.44363030E-20 8.44363030E-20 2.99751199E-20 2.99751199E-20 1.87702238E-16
Spleen     1.49294009E-21 7.79811340E-20 7.79811340E-20 8.30968835E-19 7.55570410E-20 1.44400962E-21 9.95159881E-21 5.14218544E-24 6.03315578E-23 1.01287995E-21 1.01287995E-21 1.57694221E-21 1.63710393E-20 1.63710393E-20 4.52006031E-18 4.52006031E-18 4.52006031E-18 2.19914745E-20 9.19184672E-16 1.54879197E-22 2.20683789E-20 2.20683789E-20 4.65336139E-20 4.65336139E-20 1.69115269E-16
GB-wall    0.00000000E+00 3.83416855E-20 3.83416855E-20 1.95834032E-19 4.20395088E-18 2.65704949E-20 4.24881183E-21 0.00000000E+00 1.27493194E-22 0.00000000E+00 0.00000000E+00 0.00000000E+00 1.84666862E-21 1.84666862E-21 3.01337354E-20 3.01337354E-20 3.01337354E-20 1.80997878E-21 9.14217925E-17 0.00000000E+00 3.52623023E-18 3.52623023E-18 3.13898417E-20 3.13898417E-20 2.29848197E-16
Ureters    0.00000000E+00 1.77649329E-21 1.77649329E-21 3.61114558E-20 3.52174414E-19 1.77889655E-19 1.90707067E-19 3.56099746E-19 0.00000000E+00 0.00000000E+00 0.00000000E+00 0.00000000E+00 2.91451925E-23 2.91451925E-23 7.41919866E-23 7.41919866E-23 2.84097935E-21 2.26307429E-21 8.94655350E-17 1.65008156E-18 2.03172000E-18 2.03172000E-18 6.92540787E-20 6.92540787E-20 2.35265497E-16
UB-wall    0.00000000E+00 0.00000000E+00 0.00000000E+00 9.42384188E-23 3.72441946E-18 4.48769634E-20 6.45885407E-20 1.47877685E-17 0.00000000E+00 0.00000000E+00 0.00000000E+00 0.00000000E+00 0.00000000E+00 0.00000000E+00 0.00000000E+00 0.00000000E+00 9.98204017E-24 0.00000000E+00 6.26819507E-17 8.01152331E-16 3.36200714E-18 3.36200714E-18 1.06450208E-18 1.06450208E-18 2.34611922E-16
Ovaries    0.00000000E+00 0.00000000E+00 0.00000000E+00 0.00000000E+00 3.00376048E-18 1.94872726E-20 1.13664809E-20 1.07509247E-18 0.00000000E+00 0.00000000E+00 0.00000000E+00 0.00000000E+00 0.00000000E+00 0.00000000E+00 0.00000000E+00 0.00000000E+00 1.00567016E-22 0.00000000E+00 3.86925622E-16 5.51373016E-19 3.71064074E-20 3.71064074E-20 1.26501447E-20 1.26501447E-20 2.26314928E-16
Testes     0.00000000E+00 0.00000000E+00 0.00000000E+00 0.00000000E+00 0.00000000E+00 0.00000000E+00 0.00000000E+00 0.00000000E+00 0.00000000E+00 0.00000000E+00 0.00000000E+00 0.00000000E+00 0.00000000E+00 0.00000000E+00 0.00000000E+00 0.00000000E+00 0.00000000E+00 0.00000000E+00 0.00000000E+00 0.00000000E+00 0.00000000E+00 0.00000000E+00 0.00000000E+00 0.00000000E+00 0.00000000E+00
Prostate   0.00000000E+00 0.00000000E+00 0.00000000E+00 0.00000000E+00 0.00000000E+00 0.00000000E+00 0.00000000E+00 0.00000000E+00 0.00000000E+00 0.00000000E+00 0.00000000E+00 0.00000000E+00 0.00000000E+00 0.00000000E+00 0.00000000E+00 0.00000000E+00 0.00000000E+00 0.00000000E+00 0.00000000E+00 0.00000000E+00 0.00000000E+00 0.00000000E+00 0.00000000E+00 0.00000000E+00 0.00000000E+00
Uterus     0.00000000E+00 0.00000000E+00 0.00000000E+00 4.41415644E-22 1.05469676E-17 2.20411419E-20 2.23087054E-20 2.61683486E-17 0.00000000E+00 0.00000000E+00 0.00000000E+00 0.00000000E+00 0.00000000E+00 0.00000000E+00 0.00000000E+00 0.00000000E+00 1.73916258E-24 0.00000000E+00 8.99830380E-17 1.20874603E-17 5.57333113E-20 5.57333113E-20 2.79371514E-20 2.79371514E-20 2.36023874E-16
LN-Sys     1.04807977E-20 5.74348227E-17 5.74348227E-17 1.03806617E-18 6.42761163E-18 2.84642675E-18 4.63830093E-18 3.95272961E-18 2.29031129E-21 2.79147209E-20 2.79147209E-20 5.09716428E-20 3.53135719E-17 3.53135719E-17 9.43826147E-18 9.43826147E-18 9.43826147E-18 1.44288810E-17 2.07145398E-16 1.02044223E-18 8.89368168E-19 8.89368168E-19 3.77745150E-19 3.77745150E-19 2.28775496E-16
Skin       1.88047454E-20 7.46566178E-21 7.46566178E-21 8.82158374E-21 7.08915030E-21 9.45059823E-21 9.49401721E-21 7.03563761E-21 1.87246366E-18 8.17991205E-21 8.17991205E-21 1.40075086E-20 1.00507735E-20 1.00507735E-20 1.26488629E-20 1.26488629E-20 1.26488629E-20 1.08957614E-20 1.48486512E-16 1.05150843E-20 4.38467639E-20 4.38467639E-20 2.39653559E-20 2.39653559E-20 2.26733800E-16
Adipose    1.55106706E-18 1.42175539E-18 1.42175539E-18 4.95392970E-20 3.18865164E-19 1.18053170E-19 1.95369401E-19 4.54088860E-19 1.33219373E-17 7.61706745E-18 7.61706745E-18 4.98645388E-18 4.72369694E-18 4.72369694E-18 1.52459910E-18 1.52459910E-18 1.52459910E-18 9.23590658E-18 4.97363647E-17 1.50710333E-19 8.88150514E-19 8.88150514E-19 2.25121818E-19 2.25121818E-19 2.42413969E-16
Muscle     4.44283540E-18 1.58126808E-18 1.58126808E-18 1.53698393E-20 2.37090077E-20 6.79130569E-20 3.69702224E-20 4.07898112E-20 6.02274163E-19 1.05049906E-18 1.05049906E-18 1.02888570E-17 1.30729590E-18 1.30729590E-18 7.40141450E-19 7.40141450E-19 7.40141450E-19 1.79652049E-18 7.27772647E-17 9.00695556E-20 4.48208872E-18 4.48208872E-18 5.95112434E-19 5.95112434E-19 2.37248268E-16
