  T/S       O-cavity       Oesophagus-s   Oesophagus-f   St-cont        SI-cont        RC-cont        LC-cont        RS-cont        ET1-sur        ET2-sur        ET2-seq        LN-ET          Bronchi        Bronchi-q      Brchiole       Brchiole-q     ALV            LN-Th          Blood          Liver          Spleen         UB-cont        Other          
O-mucosa   1.51288719E-13 2.40951322E-15 2.40951322E-15 1.78658700E-16 5.97451612E-17 4.70815582E-17 3.94984569E-17 1.17463569E-17 1.80581312E-14 3.55538984E-14 3.55538984E-14 5.38106995E-14 2.35327682E-15 2.35327682E-15 6.93357897E-16 6.93357897E-16 6.93357897E-16 2.71040196E-15 9.10613028E-16 2.18280525E-16 1.81350357E-16 1.24449059E-17 1.21527081E-15
Oesophagus 2.38131491E-15 1.29766682E-12 1.71336754E-13 2.79707971E-15 4.15892972E-16 2.07626051E-16 1.90594915E-16 5.87630270E-17 7.24167750E-16 6.19161103E-15 6.19161103E-15 7.58790784E-15 2.90698902E-14 2.90698902E-14 5.65552278E-15 5.65552278E-15 5.65552278E-15 2.98661719E-14 3.44548054E-15 2.57918371E-15 2.33805615E-15 4.84882692E-17 1.21875626E-15
St-stem    1.67155073E-16 2.53480342E-15 2.53480342E-15 4.84257843E-14 5.73226704E-15 9.89936786E-16 1.63357915E-15 2.66570124E-16 1.42151507E-16 1.39246761E-16 1.39246761E-16 1.83305012E-16 8.08986974E-16 8.08986974E-16 1.72410212E-15 1.72410212E-15 1.72410212E-15 6.70126337E-16 2.98293218E-15 4.70639343E-15 1.28313508E-14 2.42473390E-16 1.09302169E-15
SI-stem    5.44275374E-17 3.43827074E-16 3.43827074E-16 3.05631187E-15 1.56680043E-14 5.39260562E-15 7.19072829E-15 5.62492121E-15 5.08642969E-17 4.29175016E-17 4.29175016E-17 5.61226402E-17 1.95962206E-16 1.95962206E-16 3.36040496E-16 3.36040496E-16 3.36040496E-16 1.71529015E-16 2.46703135E-15 1.62172304E-15 1.70984275E-15 4.94031120E-15 1.35806456E-15
RC-stem    4.99158085E-17 2.10173512E-16 2.10173512E-16 7.33620592E-16 4.23166854E-15 3.75902647E-14 2.74965529E-15 1.29539173E-15 4.41688014E-17 4.01249079E-17 4.01249079E-17 5.19201312E-17 1.51101264E-16 1.51101264E-16 2.41864562E-16 2.41864562E-16 2.41864562E-16 1.34876023E-16 2.24512991E-15 1.43016682E-15 4.42985777E-16 1.97884818E-15 1.30809700E-15
LC-stem    3.77232454E-17 1.81302291E-16 1.81302291E-16 1.24783914E-15 5.44483657E-15 2.73026895E-15 4.53351859E-14 2.94896604E-15 3.99406576E-17 2.94736387E-17 2.94736387E-17 3.64831608E-17 1.18988841E-16 1.18988841E-16 1.95850054E-16 1.95850054E-16 1.95850054E-16 1.02206042E-16 2.17511480E-15 6.00495747E-16 7.48552876E-16 2.59680765E-15 1.35622196E-15
RS-stem    1.14438660E-17 4.87654457E-17 4.87654457E-17 1.95081009E-16 5.15516306E-15 1.18198968E-15 1.95705858E-15 4.47471871E-14 1.33884276E-17 8.51620890E-18 8.51620890E-18 1.17944222E-17 3.80597024E-17 3.80597024E-17 6.04821624E-17 6.04821624E-17 6.04821624E-17 3.26283242E-17 1.97820731E-15 1.77825568E-16 1.66514202E-16 1.08404863E-14 1.49982289E-15
ET1-bas    1.80357007E-14 7.25609709E-16 7.25609709E-16 1.71737298E-16 5.14587044E-17 4.12079792E-17 2.86244851E-17 1.36913992E-17 5.07761772E-11 1.15225329E-14 1.15225329E-14 4.45100650E-15 7.60120591E-16 7.60120591E-16 4.13505730E-16 4.13505730E-16 4.13505730E-16 8.26514784E-16 2.75157790E-16 1.64639656E-16 1.36699300E-16 1.41398484E-17 8.31371791E-16
ET2-bas    3.56420181E-14 6.17238492E-15 6.17238492E-15 1.64207068E-16 5.03115460E-17 4.08875439E-17 2.59824961E-17 9.42256014E-18 1.18323938E-14 1.63197697E-12 2.90410510E-12 6.94094898E-14 5.13529608E-15 5.13529608E-15 7.45877242E-16 7.45877242E-16 7.45877242E-16 6.84049251E-15 3.48297147E-16 1.98045036E-16 1.82600054E-16 1.07884156E-17 1.09775912E-15
LN-ET      5.40766608E-14 7.48408681E-15 7.48408681E-15 1.78354287E-16 5.15003610E-17 5.08082208E-17 3.16814379E-17 1.06825117E-17 4.41864253E-15 6.90922588E-14 6.90922588E-14 1.92373331E-12 8.28405353E-15 8.28405353E-15 1.11580377E-15 1.11580377E-15 1.11580377E-15 1.06046459E-14 2.26403559E-16 2.61811660E-16 2.23279315E-16 8.92716717E-18 9.28032054E-16
Bronch-bas 7.23927424E-16 1.84314383E-14 1.84314383E-14 1.44048484E-15 3.06207970E-16 2.01633911E-16 1.61387238E-16 6.02610620E-17 3.84346117E-16 7.89440420E-16 7.89440420E-16 1.13863479E-15 3.03836749E-12 3.58727315E-12 3.02442855E-14 1.15299029E-14 1.09180317E-14 6.54360921E-14 3.48473386E-15 1.72233972E-15 1.75630587E-15 4.30424713E-17 1.21272658E-15
Bronch-sec 7.23927424E-16 1.84314383E-14 1.84314383E-14 1.44048484E-15 3.06207970E-16 2.01633911E-16 1.61387238E-16 6.02610620E-17 3.84346117E-16 7.89440420E-16 7.89440420E-16 1.13863479E-15 4.63926224E-12 2.97492130E-12 3.02442855E-14 1.15299029E-14 1.08983249E-14 6.54360921E-14 3.48473386E-15 1.72233972E-15 1.75630587E-15 4.30424713E-17 1.20739624E-15
Bchiol-sec 6.91931959E-16 5.73418965E-15 5.73418965E-15 2.10173512E-15 4.06183783E-16 2.38483970E-16 2.03123935E-16 6.76791392E-17 3.95673505E-16 7.31553784E-16 7.31553784E-16 1.04314507E-15 8.87926209E-15 8.87926209E-15 7.47639636E-13 5.49514492E-13 2.17591589E-14 7.54641147E-15 3.48473386E-15 2.54057126E-15 2.92941949E-15 5.86316485E-17 1.04397682E-15
AI         6.91931959E-16 5.73418965E-15 5.73418965E-15 2.10173512E-15 4.06183783E-16 2.38483970E-16 2.03123935E-16 6.76791392E-17 3.95673505E-16 7.31553784E-16 7.31553784E-16 1.04314507E-15 8.87926209E-15 8.87926209E-15 3.02442855E-14 3.02442855E-14 3.12760872E-14 7.54641147E-15 5.64687103E-15 2.54057126E-15 2.92941949E-15 5.86316485E-17 1.00399925E-15
LN-Th      2.72786569E-15 2.98950111E-14 2.98950111E-14 8.01616962E-16 1.97836753E-16 1.43904288E-16 1.00211333E-16 4.57309235E-17 8.55097613E-16 6.83424402E-15 6.83424402E-15 1.08207796E-14 9.40093076E-14 9.40093076E-14 7.38138729E-15 7.38138729E-15 7.38138729E-15 1.52203562E-12 1.97131795E-15 1.00653533E-15 9.92259942E-16 4.07321328E-17 9.33326356E-16
R-marrow   1.40299391E-15 3.24793217E-15 3.24793217E-15 1.30631858E-15 1.75854891E-15 1.54372909E-15 1.49495884E-15 2.01762085E-15 7.23206444E-16 1.82920490E-15 1.82920490E-15 1.64687721E-15 2.48016920E-15 2.48016920E-15 2.12656885E-15 2.12656885E-15 2.12656885E-15 2.44444067E-15 6.19353365E-15 1.66738507E-15 1.68404771E-15 1.58653924E-15 1.41973735E-15
Endost-BS  1.28728472E-15 1.26371670E-15 1.26371670E-15 5.22053187E-16 8.26723067E-16 7.46822526E-16 7.51436794E-16 1.12639416E-15 9.46533825E-16 1.60538084E-15 1.60538084E-15 1.10843376E-15 9.88062240E-16 9.88062240E-16 8.18904446E-16 8.18904446E-16 8.18904446E-16 9.92676508E-16 2.40727017E-15 6.40229724E-16 6.67835225E-16 1.00514144E-15 1.24226688E-15
Brain      2.97139651E-15 4.40053794E-16 4.40053794E-16 6.18071623E-17 2.05431069E-17 1.68004226E-17 1.29237964E-17 4.73667457E-18 3.35063169E-15 4.81630274E-15 4.81630274E-15 2.10638143E-15 4.43626647E-16 4.43626647E-16 2.23904164E-16 2.23904164E-16 2.23904164E-16 4.95761470E-16 6.37473981E-16 7.39500579E-17 7.45941329E-17 4.76567396E-18 1.19019362E-15
Eye-lens   7.08738791E-15 5.41263283E-16 5.41263283E-16 1.02361454E-16 2.47712507E-17 3.72922599E-17 2.13890561E-17 0.00000000E+00 2.83681369E-14 6.52214004E-15 6.52214004E-15 2.69758455E-15 4.50291702E-16 4.50291702E-16 2.98165044E-16 2.98165044E-16 2.98165044E-16 6.20026279E-16 2.10798360E-16 1.35648272E-16 1.05939114E-16 1.60890563E-17 8.85477603E-16
P-gland    8.46349729E-15 7.07745441E-16 7.07745441E-16 8.39892958E-17 3.44804402E-17 1.83673512E-17 2.15300476E-17 1.06833128E-17 5.17006331E-15 2.12785059E-14 2.12785059E-14 5.12039583E-15 8.50947976E-16 8.50947976E-16 3.23126954E-16 3.23126954E-16 3.23142976E-16 9.60248456E-16 3.55346723E-16 1.07581345E-16 1.00169676E-16 5.50700102E-18 1.39803818E-15
Tongue     3.59944970E-13 2.63061357E-15 2.63061357E-15 1.77104589E-16 6.14018117E-17 4.91211289E-17 3.76142974E-17 1.17550087E-17 1.34832764E-14 3.93398415E-14 3.93398415E-14 5.12199801E-14 2.52118492E-15 2.52118492E-15 7.20002091E-16 7.20002091E-16 7.20002091E-16 2.92941949E-15 8.86932860E-16 2.18552895E-16 1.85900538E-16 1.12761181E-17 9.47730373E-16
Tonsils    6.63108804E-14 1.89457370E-15 1.89457370E-15 1.47581283E-16 5.30688918E-17 2.98004827E-17 3.40590678E-17 5.54176825E-18 9.33860609E-15 4.65848835E-14 4.65848835E-14 2.05286873E-14 1.79395701E-15 1.79395701E-15 6.06407779E-16 6.06407779E-16 6.06407779E-16 2.04982460E-15 3.14971876E-16 1.77152654E-16 1.58101174E-16 6.33067995E-18 1.29614299E-15
S-glands   1.86701626E-14 2.31386328E-15 2.31386328E-15 1.54770249E-16 4.98373018E-17 4.17415040E-17 2.95713714E-17 1.14557221E-17 4.03315887E-15 1.78963114E-14 1.78963114E-14 2.74709180E-14 2.16037478E-15 2.16037478E-15 6.81517812E-16 6.81517812E-16 6.81517812E-16 2.58479133E-15 3.12921090E-16 1.91860634E-16 1.77985786E-16 1.07023787E-17 1.20609921E-15
Thyroid    4.83889343E-15 2.29720065E-14 2.29720065E-14 3.35335539E-16 9.85306496E-17 8.12976393E-17 6.02017815E-17 2.29463716E-17 1.43885062E-15 7.82054387E-15 7.82054387E-15 1.37920159E-14 3.26763895E-14 3.26763895E-14 2.78554404E-15 2.78554404E-15 2.78554404E-15 4.89561047E-14 1.83481251E-15 4.63012983E-16 3.94455851E-16 1.86188930E-17 1.24933569E-15
Breast     8.25585522E-16 1.80741529E-15 1.80741529E-15 1.40906616E-15 3.45108815E-16 2.07449812E-16 1.79587962E-16 5.45044419E-17 6.55226096E-16 6.63028696E-16 6.63028696E-16 9.84441321E-16 2.07209485E-15 2.07209485E-15 3.18961295E-15 3.18961295E-15 3.18961295E-15 2.01217345E-15 7.68564061E-16 1.64719765E-15 1.02225269E-15 5.08226403E-17 1.06789681E-15
Thymus     1.90915350E-15 1.10380347E-14 1.10380347E-14 6.31545928E-16 1.68564988E-16 1.24128623E-16 9.53935880E-17 3.44660206E-17 9.24215507E-16 2.12688929E-15 2.12688929E-15 3.38844305E-15 1.82728228E-14 1.82728228E-14 5.96426219E-15 5.96426219E-15 5.96426219E-15 2.08170791E-14 6.11134199E-16 8.87461578E-16 6.49426217E-16 2.68396605E-17 1.29276671E-15
Ht-wall    5.95432870E-16 1.11727777E-14 1.11727777E-14 4.82223079E-15 5.86460681E-16 2.69229737E-16 2.73139048E-16 7.40093385E-17 3.92116673E-16 5.72681964E-16 5.72681964E-16 8.09707953E-16 1.09726659E-14 1.09726659E-14 6.93470049E-15 6.93470049E-15 6.93470049E-15 1.04330528E-14 5.45348833E-15 3.05278708E-15 3.23944064E-15 6.84289578E-17 1.13505801E-15
Adrenals   1.55406313E-16 2.42601564E-15 2.42601564E-15 6.80027788E-15 3.11623327E-15 1.29872426E-15 8.42953115E-16 2.62436509E-16 1.11120552E-16 1.37647789E-16 1.37647789E-16 1.86349147E-16 9.31585518E-16 9.31585518E-16 1.70231252E-15 1.70231252E-15 1.70231252E-15 8.04965511E-16 3.23110932E-15 9.27467925E-15 6.27380269E-15 2.14723693E-16 1.32418365E-15
Liver      2.24721274E-16 2.55515106E-15 2.55515106E-15 4.46782935E-15 1.87951324E-15 1.37982643E-15 6.03828274E-16 1.95657793E-16 1.78530526E-16 1.93991529E-16 1.93991529E-16 2.60481853E-16 1.20619857E-15 1.20619857E-15 2.55002410E-15 2.55002410E-15 2.55002410E-15 1.06926054E-15 3.37963108E-15 2.38900536E-14 2.11487296E-15 1.81126052E-16 7.01151713E-16
Pancreas   1.21233490E-16 1.00541381E-15 1.00541381E-15 1.01273576E-14 1.04349755E-14 3.30593096E-15 1.91988808E-15 3.98717641E-16 1.04082191E-16 9.98732735E-17 9.98732735E-17 1.30018224E-16 4.92973683E-16 4.92973683E-16 8.71664118E-16 8.71664118E-16 8.71664118E-16 4.28502101E-16 2.90170184E-15 5.73306812E-15 3.26827982E-15 3.78882696E-16 1.32103224E-15
Kidneys    1.03601538E-16 9.51340354E-16 9.51340354E-16 5.01208870E-15 5.02618786E-15 3.25594306E-15 1.69285968E-15 4.38659900E-16 8.56106984E-17 9.20850936E-17 9.20850936E-17 1.18341562E-16 5.13817999E-16 5.13817999E-16 8.91979716E-16 8.91979716E-16 8.91979716E-16 4.42232754E-16 2.97155673E-15 4.53383902E-15 6.37730329E-15 3.59384208E-16 1.33951374E-15
Spleen     1.82952533E-16 2.34013898E-15 2.34013898E-15 1.40474028E-14 2.05110634E-15 4.36208570E-16 7.71175608E-16 1.87118192E-16 1.37014929E-16 1.84666862E-16 1.84666862E-16 2.34638747E-16 1.20216108E-15 1.20216108E-15 2.80973691E-15 2.80973691E-15 2.80973691E-15 9.59287150E-16 3.38251500E-15 2.10926535E-15 1.55382280E-13 1.46719312E-16 8.35823049E-16
GB-wall    1.69221881E-16 1.72906886E-15 1.72906886E-15 5.03868483E-15 4.35375439E-15 1.84394492E-15 1.04045341E-15 2.70687717E-16 1.42877293E-16 1.42401446E-16 1.42401446E-16 1.85932581E-16 7.75469441E-16 7.75469441E-16 1.38420038E-15 1.38420038E-15 1.38420038E-15 6.71872710E-16 6.88951911E-16 1.41674058E-14 2.63798359E-15 2.57581914E-16 1.15762169E-15
Ureters    4.44716127E-17 3.19441948E-16 3.19441948E-16 1.69173815E-15 7.05758743E-15 5.28045327E-15 5.27965218E-15 5.49354274E-15 4.69565885E-17 4.07850047E-17 4.07850047E-17 5.53936499E-17 2.01505737E-16 2.01505737E-16 3.30384813E-16 3.30384813E-16 3.30400835E-16 1.67107008E-16 5.35639643E-16 1.60506040E-15 1.04011695E-15 4.73042608E-15 1.61231763E-15
UB-wall    1.38402414E-17 4.62596417E-17 4.62596417E-17 1.91299873E-16 4.23407180E-15 1.65056222E-15 2.01329497E-15 9.94903533E-15 1.46621579E-17 1.13810607E-17 1.13810607E-17 1.24360939E-17 3.57413531E-17 3.57413531E-17 5.46582509E-17 5.46582509E-17 5.46582509E-17 3.06592493E-17 5.87085530E-16 1.74268736E-16 1.41271912E-16 4.38051073E-14 1.41729031E-15
Ovaries    1.40938659E-17 4.39861533E-17 4.39861533E-17 1.76143283E-16 4.83152341E-15 1.33972396E-15 1.28632341E-15 1.63598241E-14 1.20667922E-17 7.76847313E-18 7.76847313E-18 8.98164117E-18 3.72490011E-17 3.72490011E-17 5.97099133E-17 5.97099133E-17 5.97115155E-17 3.05198599E-17 2.28214019E-15 1.65504831E-16 1.49790684E-16 1.03728110E-14 1.63970794E-15
Testes     0.00000000E+00 0.00000000E+00 0.00000000E+00 0.00000000E+00 0.00000000E+00 0.00000000E+00 0.00000000E+00 0.00000000E+00 0.00000000E+00 0.00000000E+00 0.00000000E+00 0.00000000E+00 0.00000000E+00 0.00000000E+00 0.00000000E+00 0.00000000E+00 0.00000000E+00 0.00000000E+00 0.00000000E+00 0.00000000E+00 0.00000000E+00 0.00000000E+00 0.00000000E+00
Prostate   0.00000000E+00 0.00000000E+00 0.00000000E+00 0.00000000E+00 0.00000000E+00 0.00000000E+00 0.00000000E+00 0.00000000E+00 0.00000000E+00 0.00000000E+00 0.00000000E+00 0.00000000E+00 0.00000000E+00 0.00000000E+00 0.00000000E+00 0.00000000E+00 0.00000000E+00 0.00000000E+00 0.00000000E+00 0.00000000E+00 0.00000000E+00 0.00000000E+00 0.00000000E+00
Uterus     1.17998696E-17 4.61042306E-17 4.61042306E-17 1.89361239E-16 5.38523561E-15 1.28302293E-15 1.58013054E-15 2.03380283E-14 1.16002384E-17 8.95296221E-18 8.95296221E-18 1.22135516E-17 3.32387534E-17 3.32387534E-17 5.74476401E-17 5.74476401E-17 5.74476401E-17 3.22598236E-17 3.83368790E-16 1.68148422E-16 1.45557734E-16 2.02467043E-14 1.62743862E-15
LN-Sys     6.84529904E-16 4.16966431E-15 4.16966431E-15 2.64647512E-15 3.97740313E-15 2.72754525E-15 3.22341887E-15 2.93102167E-15 3.02346725E-16 9.53166836E-16 9.53166836E-16 1.25267771E-15 3.49370605E-15 3.49370605E-15 1.87134214E-15 1.87134214E-15 1.87134214E-15 3.46662926E-15 1.53909880E-15 1.61643586E-15 1.88367890E-15 2.27428952E-15 1.36656853E-15
Skin       4.61699198E-16 4.29928039E-16 4.29928039E-16 4.51365160E-16 4.11022356E-16 4.30200409E-16 4.26066793E-16 4.12800772E-16 5.60553488E-16 4.25538075E-16 4.25538075E-16 4.86885413E-16 4.55130275E-16 4.55130275E-16 4.97828278E-16 4.97828278E-16 4.97828278E-16 4.57245148E-16 8.07016297E-16 4.66810141E-16 5.39725193E-16 4.48385112E-16 9.24769747E-16
Adipose    5.49450404E-16 5.90482144E-16 5.90482144E-16 6.76150521E-16 9.40189206E-16 8.82270526E-16 9.42720645E-16 1.14619706E-15 6.84497861E-16 6.33901127E-16 6.33901127E-16 5.91379363E-16 6.43065577E-16 6.43065577E-16 6.29911708E-16 6.29911708E-16 6.29911708E-16 6.82831597E-16 5.21188011E-16 6.12383897E-16 8.05029598E-16 9.12904141E-16 1.21241574E-15
Muscle     5.73499074E-16 7.87133286E-16 7.87133286E-16 5.68388131E-16 8.30984857E-16 9.53423184E-16 9.56387210E-16 1.06081707E-15 2.66249689E-16 6.74564366E-16 6.74564366E-16 8.72449184E-16 7.70983347E-16 7.70983347E-16 7.66945863E-16 7.66945863E-16 7.66945863E-16 7.90449792E-16 7.33412309E-16 5.87886618E-16 7.02490302E-16 9.79314356E-16 1.32339118E-15
