  T/S       O-cavity       Oesophagus-s   Oesophagus-f   St-cont        SI-cont        RC-cont        LC-cont        RS-cont        ET1-sur        ET2-sur        ET2-seq        LN-ET          Bronchi        Bronchi-q      Brchiole       Brchiole-q     ALV            LN-Th          Blood          Skin           UB-cont        Other          
O-mucosa   0.00000000E+00 0.00000000E+00 0.00000000E+00 0.00000000E+00 0.00000000E+00 0.00000000E+00 0.00000000E+00 0.00000000E+00 0.00000000E+00 2.22574358E-19 2.22574358E-19 4.65448291E-19 0.00000000E+00 0.00000000E+00 0.00000000E+00 0.00000000E+00 0.00000000E+00 0.00000000E+00 6.68956749E-18 0.00000000E+00 0.00000000E+00 1.73525736E-17
Oesophagus 0.00000000E+00 0.00000000E+00 0.00000000E+00 0.00000000E+00 0.00000000E+00 0.00000000E+00 0.00000000E+00 0.00000000E+00 0.00000000E+00 5.59015398E-20 5.59015398E-20 0.00000000E+00 2.92525383E-19 2.92525383E-19 6.83488489E-21 6.83488489E-21 6.83488489E-21 1.94135725E-19 4.21885113E-17 0.00000000E+00 0.00000000E+00 1.41429336E-17
St-stem    0.00000000E+00 3.67699504E-21 3.67699504E-21 0.00000000E+00 1.91940743E-21 0.00000000E+00 0.00000000E+00 0.00000000E+00 0.00000000E+00 0.00000000E+00 0.00000000E+00 0.00000000E+00 0.00000000E+00 0.00000000E+00 3.58086445E-22 3.58086445E-22 3.58086445E-22 0.00000000E+00 4.21660808E-17 0.00000000E+00 0.00000000E+00 1.44555306E-17
SI-stem    0.00000000E+00 0.00000000E+00 0.00000000E+00 8.99750272E-22 0.00000000E+00 1.49156222E-21 4.47632089E-21 4.51044725E-21 0.00000000E+00 0.00000000E+00 0.00000000E+00 0.00000000E+00 0.00000000E+00 0.00000000E+00 0.00000000E+00 0.00000000E+00 0.00000000E+00 0.00000000E+00 4.58174410E-17 0.00000000E+00 2.24833426E-21 1.40795317E-17
RC-stem    0.00000000E+00 0.00000000E+00 0.00000000E+00 0.00000000E+00 1.32820431E-22 0.00000000E+00 1.06826719E-24 0.00000000E+00 0.00000000E+00 0.00000000E+00 0.00000000E+00 0.00000000E+00 0.00000000E+00 0.00000000E+00 0.00000000E+00 0.00000000E+00 0.00000000E+00 0.00000000E+00 4.45389042E-17 0.00000000E+00 0.00000000E+00 1.39090978E-17
LC-stem    0.00000000E+00 0.00000000E+00 0.00000000E+00 0.00000000E+00 1.02100299E-21 9.84649604E-22 0.00000000E+00 4.16662017E-21 0.00000000E+00 0.00000000E+00 0.00000000E+00 0.00000000E+00 0.00000000E+00 0.00000000E+00 0.00000000E+00 0.00000000E+00 0.00000000E+00 0.00000000E+00 4.45661412E-17 0.00000000E+00 0.00000000E+00 1.37318479E-17
RS-stem    0.00000000E+00 0.00000000E+00 0.00000000E+00 0.00000000E+00 4.03299865E-21 0.00000000E+00 0.00000000E+00 0.00000000E+00 0.00000000E+00 0.00000000E+00 0.00000000E+00 0.00000000E+00 0.00000000E+00 0.00000000E+00 0.00000000E+00 0.00000000E+00 0.00000000E+00 0.00000000E+00 4.45581303E-17 0.00000000E+00 7.07408984E-21 1.37839621E-17
ET1-bas    0.00000000E+00 0.00000000E+00 0.00000000E+00 0.00000000E+00 0.00000000E+00 0.00000000E+00 0.00000000E+00 0.00000000E+00 0.00000000E+00 1.20390746E-20 1.20390746E-20 0.00000000E+00 0.00000000E+00 0.00000000E+00 0.00000000E+00 0.00000000E+00 0.00000000E+00 0.00000000E+00 6.63429240E-18 7.99934676E-23 0.00000000E+00 1.74706793E-17
ET2-bas    2.10173512E-19 5.41295326E-20 5.41295326E-20 0.00000000E+00 0.00000000E+00 0.00000000E+00 0.00000000E+00 0.00000000E+00 8.97539268E-21 0.00000000E+00 1.41377655E-17 6.83632685E-19 3.58390858E-20 3.58390858E-20 0.00000000E+00 0.00000000E+00 0.00000000E+00 2.13393886E-19 6.64470654E-18 0.00000000E+00 0.00000000E+00 1.74716605E-17
LN-ET      5.16189221E-19 0.00000000E+00 0.00000000E+00 0.00000000E+00 0.00000000E+00 0.00000000E+00 0.00000000E+00 0.00000000E+00 0.00000000E+00 6.43962795E-19 6.43962795E-19 6.99462189E-14 0.00000000E+00 0.00000000E+00 0.00000000E+00 0.00000000E+00 0.00000000E+00 0.00000000E+00 1.03465353E-17 6.61522650E-26 0.00000000E+00 1.54293990E-21
Bronch-bas 0.00000000E+00 1.07115111E-19 1.07115111E-19 0.00000000E+00 0.00000000E+00 0.00000000E+00 0.00000000E+00 0.00000000E+00 0.00000000E+00 0.00000000E+00 0.00000000E+00 0.00000000E+00 0.00000000E+00 0.00000000E+00 5.56612133E-16 2.06216136E-19 0.00000000E+00 2.15813173E-18 3.62588561E-17 0.00000000E+00 0.00000000E+00 1.73921874E-17
Bronch-sec 0.00000000E+00 1.07115111E-19 1.07115111E-19 0.00000000E+00 0.00000000E+00 0.00000000E+00 0.00000000E+00 0.00000000E+00 0.00000000E+00 0.00000000E+00 0.00000000E+00 0.00000000E+00 0.00000000E+00 0.00000000E+00 5.56612133E-16 2.06216136E-19 0.00000000E+00 2.15813173E-18 3.62588561E-17 0.00000000E+00 0.00000000E+00 1.72601786E-17
Bchiol-sec 0.00000000E+00 4.20250893E-21 4.20250893E-21 5.92516908E-23 0.00000000E+00 0.00000000E+00 0.00000000E+00 0.00000000E+00 0.00000000E+00 0.00000000E+00 0.00000000E+00 0.00000000E+00 1.05935909E-19 1.05935909E-19 8.11582499E-19 0.00000000E+00 0.00000000E+00 4.58735172E-20 3.62588561E-17 1.99374842E-25 0.00000000E+00 1.71071246E-17
AI         0.00000000E+00 4.20250893E-21 4.20250893E-21 5.92516908E-23 0.00000000E+00 0.00000000E+00 0.00000000E+00 0.00000000E+00 0.00000000E+00 0.00000000E+00 0.00000000E+00 0.00000000E+00 1.05935909E-19 1.05935909E-19 5.56612133E-16 5.56612133E-16 1.00836182E-15 4.58735172E-20 1.21124542E-16 1.99374842E-25 0.00000000E+00 7.72463283E-18
LN-Th      0.00000000E+00 1.81094008E-19 1.81094008E-19 0.00000000E+00 0.00000000E+00 0.00000000E+00 0.00000000E+00 0.00000000E+00 0.00000000E+00 1.56402866E-19 1.56402866E-19 0.00000000E+00 4.67242729E-18 4.67242729E-18 2.50324054E-20 2.50324054E-20 2.50324054E-20 6.99462189E-14 1.20301024E-17 0.00000000E+00 0.00000000E+00 5.09233403E-21
R-marrow   1.12227656E-21 8.44619379E-23 8.44619379E-23 0.00000000E+00 0.00000000E+00 0.00000000E+00 0.00000000E+00 0.00000000E+00 9.50314961E-23 1.73307431E-22 1.73307431E-22 0.00000000E+00 0.00000000E+00 0.00000000E+00 4.44283540E-21 4.44283540E-21 4.44283540E-21 8.11213999E-26 3.42561355E-17 0.00000000E+00 1.96362750E-22 1.52062468E-17
Endost-BS  1.97388143E-21 3.35031125E-23 3.35031125E-23 0.00000000E+00 0.00000000E+00 0.00000000E+00 0.00000000E+00 0.00000000E+00 1.94616378E-22 3.53488198E-22 3.53488198E-22 0.00000000E+00 0.00000000E+00 0.00000000E+00 1.56226627E-21 1.56226627E-21 1.56226627E-21 2.52422906E-26 1.29955739E-17 3.46582818E-27 1.10253775E-22 1.36674007E-17
Brain      0.00000000E+00 0.00000000E+00 0.00000000E+00 0.00000000E+00 0.00000000E+00 0.00000000E+00 0.00000000E+00 0.00000000E+00 0.00000000E+00 1.73115169E-22 1.73115169E-22 0.00000000E+00 0.00000000E+00 0.00000000E+00 0.00000000E+00 0.00000000E+00 0.00000000E+00 0.00000000E+00 8.10845498E-18 0.00000000E+00 0.00000000E+00 1.67227405E-17
Eye-lens   0.00000000E+00 0.00000000E+00 0.00000000E+00 0.00000000E+00 0.00000000E+00 0.00000000E+00 0.00000000E+00 0.00000000E+00 0.00000000E+00 0.00000000E+00 0.00000000E+00 0.00000000E+00 0.00000000E+00 0.00000000E+00 0.00000000E+00 0.00000000E+00 0.00000000E+00 0.00000000E+00 3.82263288E-18 0.00000000E+00 0.00000000E+00 1.73362986E-17
P-gland    0.00000000E+00 0.00000000E+00 0.00000000E+00 0.00000000E+00 0.00000000E+00 0.00000000E+00 0.00000000E+00 0.00000000E+00 0.00000000E+00 0.00000000E+00 0.00000000E+00 0.00000000E+00 0.00000000E+00 0.00000000E+00 0.00000000E+00 0.00000000E+00 0.00000000E+00 0.00000000E+00 6.74035648E-18 0.00000000E+00 0.00000000E+00 1.69197317E-17
Tongue     7.17150217E-15 0.00000000E+00 0.00000000E+00 0.00000000E+00 0.00000000E+00 0.00000000E+00 0.00000000E+00 0.00000000E+00 0.00000000E+00 8.75156862E-20 8.75156862E-20 1.75630587E-19 0.00000000E+00 0.00000000E+00 0.00000000E+00 0.00000000E+00 0.00000000E+00 0.00000000E+00 6.64278393E-18 0.00000000E+00 0.00000000E+00 3.06706666E-18
Tonsils    9.47719436E-19 0.00000000E+00 0.00000000E+00 0.00000000E+00 0.00000000E+00 0.00000000E+00 0.00000000E+00 0.00000000E+00 0.00000000E+00 0.00000000E+00 0.00000000E+00 0.00000000E+00 0.00000000E+00 0.00000000E+00 0.00000000E+00 0.00000000E+00 0.00000000E+00 0.00000000E+00 6.65864548E-18 0.00000000E+00 0.00000000E+00 1.68347284E-17
S-glands   0.00000000E+00 0.00000000E+00 0.00000000E+00 0.00000000E+00 0.00000000E+00 0.00000000E+00 0.00000000E+00 0.00000000E+00 0.00000000E+00 0.00000000E+00 0.00000000E+00 6.22766000E-20 0.00000000E+00 0.00000000E+00 0.00000000E+00 0.00000000E+00 0.00000000E+00 0.00000000E+00 6.63397196E-18 0.00000000E+00 0.00000000E+00 1.68290182E-17
Thyroid    0.00000000E+00 4.51028703E-20 4.51028703E-20 0.00000000E+00 0.00000000E+00 0.00000000E+00 0.00000000E+00 0.00000000E+00 0.00000000E+00 0.00000000E+00 0.00000000E+00 0.00000000E+00 4.39477010E-21 4.39477010E-21 0.00000000E+00 0.00000000E+00 0.00000000E+00 4.95681362E-19 2.80781429E-17 0.00000000E+00 0.00000000E+00 1.51618958E-17
Breast     0.00000000E+00 0.00000000E+00 0.00000000E+00 0.00000000E+00 0.00000000E+00 0.00000000E+00 0.00000000E+00 0.00000000E+00 1.08763751E-22 0.00000000E+00 0.00000000E+00 0.00000000E+00 0.00000000E+00 0.00000000E+00 3.93206153E-25 3.93206153E-25 3.93206153E-25 0.00000000E+00 6.63541392E-18 9.38635095E-21 0.00000000E+00 1.68367645E-17
Thymus     0.00000000E+00 0.00000000E+00 0.00000000E+00 0.00000000E+00 0.00000000E+00 0.00000000E+00 0.00000000E+00 0.00000000E+00 0.00000000E+00 0.00000000E+00 0.00000000E+00 0.00000000E+00 5.76575252E-24 5.76575252E-24 1.22973454E-20 1.22973454E-20 1.22973454E-20 0.00000000E+00 6.64294415E-18 0.00000000E+00 0.00000000E+00 1.68411659E-17
Ht-wall    0.00000000E+00 5.90049557E-20 5.90049557E-20 2.91307729E-21 0.00000000E+00 0.00000000E+00 0.00000000E+00 0.00000000E+00 0.00000000E+00 0.00000000E+00 0.00000000E+00 0.00000000E+00 2.61379072E-20 2.61379072E-20 3.10790195E-20 3.10790195E-20 3.10790195E-20 4.28149623E-20 3.13241525E-17 0.00000000E+00 0.00000000E+00 1.49058766E-17
Adrenals   0.00000000E+00 0.00000000E+00 0.00000000E+00 0.00000000E+00 0.00000000E+00 0.00000000E+00 0.00000000E+00 0.00000000E+00 0.00000000E+00 0.00000000E+00 0.00000000E+00 0.00000000E+00 0.00000000E+00 0.00000000E+00 0.00000000E+00 0.00000000E+00 0.00000000E+00 0.00000000E+00 3.53215828E-17 0.00000000E+00 0.00000000E+00 1.45885133E-17
Liver      0.00000000E+00 3.14827680E-21 3.14827680E-21 7.09059226E-22 2.72818612E-22 1.89729740E-22 0.00000000E+00 0.00000000E+00 0.00000000E+00 0.00000000E+00 0.00000000E+00 0.00000000E+00 0.00000000E+00 0.00000000E+00 3.43971270E-21 3.43971270E-21 3.43971270E-21 0.00000000E+00 5.03564070E-17 0.00000000E+00 0.00000000E+00 1.34263883E-17
Pancreas   0.00000000E+00 0.00000000E+00 0.00000000E+00 5.36296535E-22 2.01233367E-20 2.63077379E-24 0.00000000E+00 0.00000000E+00 0.00000000E+00 0.00000000E+00 0.00000000E+00 0.00000000E+00 0.00000000E+00 0.00000000E+00 0.00000000E+00 0.00000000E+00 0.00000000E+00 0.00000000E+00 3.77873324E-17 0.00000000E+00 0.00000000E+00 1.44036631E-17
Kidneys    0.00000000E+00 0.00000000E+00 0.00000000E+00 6.64262372E-25 2.32956461E-22 3.53472177E-22 0.00000000E+00 0.00000000E+00 0.00000000E+00 0.00000000E+00 0.00000000E+00 0.00000000E+00 0.00000000E+00 0.00000000E+00 0.00000000E+00 0.00000000E+00 0.00000000E+00 0.00000000E+00 5.10421385E-17 0.00000000E+00 0.00000000E+00 1.33703462E-17
Spleen     0.00000000E+00 0.00000000E+00 0.00000000E+00 0.00000000E+00 0.00000000E+00 0.00000000E+00 0.00000000E+00 0.00000000E+00 0.00000000E+00 0.00000000E+00 0.00000000E+00 0.00000000E+00 0.00000000E+00 0.00000000E+00 2.82271453E-21 2.82271453E-21 2.82271453E-21 0.00000000E+00 6.81005116E-17 0.00000000E+00 0.00000000E+00 1.20407368E-17
GB-wall    0.00000000E+00 0.00000000E+00 0.00000000E+00 0.00000000E+00 5.07649620E-21 0.00000000E+00 0.00000000E+00 0.00000000E+00 0.00000000E+00 0.00000000E+00 0.00000000E+00 0.00000000E+00 0.00000000E+00 0.00000000E+00 0.00000000E+00 0.00000000E+00 0.00000000E+00 0.00000000E+00 6.64230328E-18 0.00000000E+00 0.00000000E+00 1.68186378E-17
Ureters    0.00000000E+00 0.00000000E+00 0.00000000E+00 0.00000000E+00 0.00000000E+00 0.00000000E+00 0.00000000E+00 0.00000000E+00 0.00000000E+00 0.00000000E+00 0.00000000E+00 0.00000000E+00 0.00000000E+00 0.00000000E+00 0.00000000E+00 0.00000000E+00 0.00000000E+00 0.00000000E+00 6.63285044E-18 0.00000000E+00 7.69525367E-22 1.68357204E-17
UB-wall    0.00000000E+00 0.00000000E+00 0.00000000E+00 0.00000000E+00 1.76768132E-21 0.00000000E+00 0.00000000E+00 5.27003912E-21 0.00000000E+00 0.00000000E+00 0.00000000E+00 0.00000000E+00 0.00000000E+00 0.00000000E+00 0.00000000E+00 0.00000000E+00 0.00000000E+00 0.00000000E+00 4.46606696E-18 0.00000000E+00 5.61658989E-19 1.70046934E-17
Ovaries    0.00000000E+00 0.00000000E+00 0.00000000E+00 0.00000000E+00 3.29583725E-23 0.00000000E+00 0.00000000E+00 0.00000000E+00 0.00000000E+00 0.00000000E+00 0.00000000E+00 0.00000000E+00 0.00000000E+00 0.00000000E+00 0.00000000E+00 0.00000000E+00 0.00000000E+00 0.00000000E+00 2.88023267E-17 0.00000000E+00 0.00000000E+00 1.61428594E-17
Testes     0.00000000E+00 0.00000000E+00 0.00000000E+00 0.00000000E+00 0.00000000E+00 0.00000000E+00 0.00000000E+00 0.00000000E+00 0.00000000E+00 0.00000000E+00 0.00000000E+00 0.00000000E+00 0.00000000E+00 0.00000000E+00 0.00000000E+00 0.00000000E+00 0.00000000E+00 0.00000000E+00 0.00000000E+00 0.00000000E+00 0.00000000E+00 0.00000000E+00
Prostate   0.00000000E+00 0.00000000E+00 0.00000000E+00 0.00000000E+00 0.00000000E+00 0.00000000E+00 0.00000000E+00 0.00000000E+00 0.00000000E+00 0.00000000E+00 0.00000000E+00 0.00000000E+00 0.00000000E+00 0.00000000E+00 0.00000000E+00 0.00000000E+00 0.00000000E+00 0.00000000E+00 0.00000000E+00 0.00000000E+00 0.00000000E+00 0.00000000E+00
Uterus     0.00000000E+00 0.00000000E+00 0.00000000E+00 0.00000000E+00 5.68980936E-21 0.00000000E+00 0.00000000E+00 2.16213717E-20 0.00000000E+00 0.00000000E+00 0.00000000E+00 0.00000000E+00 0.00000000E+00 0.00000000E+00 0.00000000E+00 0.00000000E+00 0.00000000E+00 0.00000000E+00 6.63973980E-18 0.00000000E+00 5.78930452E-21 1.68440800E-17
LN-Sys     0.00000000E+00 3.01177136E-20 3.01177136E-20 7.54625125E-22 6.78425612E-21 1.82007249E-21 3.70567400E-21 8.31785945E-22 0.00000000E+00 0.00000000E+00 0.00000000E+00 3.17599445E-24 2.14291105E-20 2.14291105E-20 3.07473690E-21 3.07473690E-21 3.07473690E-21 1.08560274E-20 1.20885818E-17 0.00000000E+00 6.11791092E-22 1.64277313E-17
Skin       3.46566796E-26 0.00000000E+00 0.00000000E+00 0.00000000E+00 0.00000000E+00 0.00000000E+00 0.00000000E+00 0.00000000E+00 1.29454258E-21 0.00000000E+00 0.00000000E+00 6.61522650E-26 0.00000000E+00 0.00000000E+00 0.00000000E+00 0.00000000E+00 0.00000000E+00 0.00000000E+00 1.12809246E-17 3.75806517E-16 0.00000000E+00 2.97024696E-21
Adipose    1.14797547E-21 9.56226993E-22 9.56226993E-22 1.99967647E-23 2.37250294E-22 7.13593386E-23 1.39493496E-22 2.95793823E-22 9.23334309E-21 5.11751192E-21 5.11751192E-21 3.59864861E-21 3.20739711E-21 3.20739711E-21 1.08004319E-21 1.08004319E-21 1.08004319E-21 6.46334017E-21 3.56131790E-18 7.31649915E-21 1.15984760E-22 1.72057525E-17
Muscle     3.18624838E-21 1.16904410E-21 1.16904410E-21 1.68741228E-24 6.42825250E-25 3.01834028E-23 7.91010553E-26 4.20827676E-24 4.41671992E-22 5.78706147E-22 5.78706147E-22 7.11991209E-21 9.56579472E-22 9.56579472E-22 5.29439220E-22 5.29439220E-22 5.29439220E-22 1.23401235E-21 5.33684988E-18 2.01778107E-23 4.26371207E-23 1.69409368E-17
