  T/S       O-cavity       Oesophagus-s   Oesophagus-f   St-wall        St-cont        SI-cont        RC-cont        LC-cont        RS-cont        ET1-sur        ET2-sur        ET2-seq        LN-ET          Bronchi        Bronchi-q      Brchiole       Brchiole-q     ALV            LN-Th          Blood          Liver          Kidneys        Thyroid        S-glands       UB-cont        Other          
O-mucosa   1.44958520E-14 7.62395681E-17 7.62395681E-17 1.87086148E-19 1.99438929E-19 1.48268616E-20 3.18817099E-21 2.52503014E-21 0.00000000E+00 6.12175614E-16 2.83745456E-15 2.83745456E-15 4.73218847E-15 7.50235162E-17 7.50235162E-17 5.03612135E-18 5.03612135E-18 5.03612135E-18 8.34830080E-17 1.03002324E-16 3.53055611E-19 5.81878457E-21 1.32198786E-16 1.19515957E-15 0.00000000E+00 2.27575999E-16
Oesophagus 7.06559831E-17 3.55699202E-14 1.24777505E-14 1.33384397E-16 1.29383762E-16 4.39957663E-18 1.74925629E-19 2.09292314E-19 1.38758097E-21 2.02034455E-18 4.54008751E-16 4.54008751E-16 5.33220357E-16 2.64855795E-15 2.64855795E-15 2.90138140E-16 2.90138140E-16 2.90138140E-16 2.70960087E-15 6.40165637E-16 1.03545462E-16 1.30726386E-17 1.98621819E-15 7.11895078E-17 3.54850048E-21 1.96353279E-16
St-stem    1.41267105E-19 1.40334638E-16 1.40334638E-16 6.40582203E-14 3.33124535E-15 3.62268125E-16 9.31857888E-18 3.05551078E-17 1.97019643E-19 4.42088558E-19 8.05526272E-20 8.05526272E-20 1.79748180E-19 1.02925420E-17 1.02925420E-17 6.39012070E-17 6.39012070E-17 6.39012070E-17 6.05766908E-18 6.03059230E-16 2.41111540E-16 2.17831915E-16 4.64006332E-19 1.28855044E-19 2.00207974E-19 3.00377324E-17
SI-stem    1.33458097E-20 3.43058029E-18 3.43058029E-18 2.51381491E-16 1.58315865E-16 1.15037874E-15 2.99174415E-16 4.61266611E-16 3.71304401E-16 6.40646290E-20 4.17591280E-21 4.17591280E-21 1.07225661E-20 3.97307725E-19 3.97307725E-19 1.73756040E-18 1.73756040E-18 1.73756040E-18 2.70639652E-19 6.23038370E-16 5.30849135E-17 2.30024478E-16 2.48978226E-20 7.12327666E-21 2.76888140E-16 2.07944838E-16
RC-stem    7.52221861E-21 2.22878771E-19 2.22878771E-19 9.46325542E-18 3.99694968E-18 2.06985180E-16 3.43907183E-15 1.00204924E-16 1.22430316E-17 2.90586749E-20 1.75165955E-21 1.75165955E-21 5.73338856E-21 7.58710675E-20 7.58710675E-20 2.67755735E-19 2.67755735E-19 2.67755735E-19 5.69782024E-20 5.88799859E-16 3.16141464E-17 1.90642980E-16 1.34432220E-20 1.41411301E-21 4.24272356E-17 2.04918973E-16
LC-stem    3.74957363E-21 2.32684091E-19 2.32684091E-19 3.24681065E-17 1.82952533E-17 3.01305310E-16 9.68531708E-17 4.27829187E-15 1.31216652E-16 2.94672299E-20 4.75461894E-22 4.75461894E-22 3.66898416E-21 3.73931970E-20 3.73931970E-20 1.73051082E-19 1.73051082E-19 1.73051082E-19 2.36785663E-20 5.90594297E-16 2.40374538E-18 3.10998478E-17 4.40374229E-21 1.48456071E-21 8.10877542E-17 2.08096412E-16
RS-stem    0.00000000E+00 3.36408997E-21 3.36408997E-21 1.59198664E-19 8.44234856E-20 3.47912624E-16 1.02066653E-17 5.73370899E-17 4.07914134E-15 9.70934973E-22 0.00000000E+00 0.00000000E+00 1.27643799E-23 7.64126032E-22 7.64126032E-22 6.53399615E-21 6.53399615E-21 6.53399615E-21 7.15403845E-23 5.86252398E-16 5.93862737E-20 3.66145393E-19 1.34861604E-22 0.00000000E+00 6.83856990E-16 2.15836430E-16
ET1-bas    5.61386619E-16 1.92677744E-18 1.92677744E-18 3.80597024E-19 1.91668373E-19 8.93469740E-20 2.86533243E-20 0.00000000E+00 0.00000000E+00 1.58870218E-11 5.22822231E-16 5.22822231E-16 3.20162927E-17 1.84025991E-18 1.84025991E-18 1.97820731E-18 1.97820731E-18 1.97820731E-18 2.42201020E-18 8.02353963E-17 8.74243622E-19 6.58847015E-20 4.20282936E-18 2.54057126E-17 0.00000000E+00 1.83570668E-16
ET2-bas    2.62692857E-15 4.51092790E-16 4.51092790E-16 8.18760250E-20 4.53768425E-20 2.55931672E-20 3.78209782E-21 0.00000000E+00 0.00000000E+00 5.36280514E-16 3.77568911E-13 1.98189231E-12 6.37217632E-15 3.71112140E-16 3.71112140E-16 5.69173197E-18 5.69173197E-18 5.69173197E-18 5.16926222E-16 8.58558314E-17 1.28992831E-19 1.96330707E-20 4.04533541E-16 1.06033642E-15 0.00000000E+00 1.94402768E-16
LN-ET      4.76759657E-15 5.74027792E-16 5.74027792E-16 4.13858208E-19 1.23449300E-19 0.00000000E+00 0.00000000E+00 0.00000000E+00 0.00000000E+00 3.62171995E-17 6.88951911E-15 6.88951911E-15 8.96610006E-13 6.75028998E-16 6.75028998E-16 1.57681403E-17 1.57681403E-17 1.57681403E-17 9.07104262E-16 3.52799262E-17 3.12152045E-19 0.00000000E+00 8.32683164E-16 2.19498179E-15 0.00000000E+00 4.00264713E-17
Bronch-bas 3.65007847E-18 1.49651295E-15 1.49651295E-15 1.71545036E-17 2.31081915E-17 9.58822519E-19 7.68900518E-20 3.54177134E-20 0.00000000E+00 9.22228808E-19 6.47920171E-18 6.47920171E-18 1.24080558E-17 8.48464602E-13 1.94151747E-12 1.07323394E-14 9.22421069E-16 8.19304990E-16 6.54408986E-15 5.92324647E-16 3.94247568E-17 3.43859118E-18 8.87461578E-17 4.09099744E-18 6.47615758E-21 2.29067577E-16
Bronch-sec 3.65007847E-18 1.49651295E-15 1.49651295E-15 1.71545036E-17 2.31081915E-17 9.58822519E-19 7.68900518E-20 3.54177134E-20 0.00000000E+00 9.22228808E-19 6.47920171E-18 6.47920171E-18 1.24080558E-17 2.45261177E-12 1.09021701E-12 1.07323394E-14 9.22421069E-16 8.19304990E-16 6.54408986E-15 5.92324647E-16 3.94247568E-17 3.43859118E-18 8.87461578E-17 4.09099744E-18 6.47615758E-21 2.22376875E-16
Bchiol-sec 4.96482450E-18 3.25145696E-16 3.25145696E-16 6.76134499E-17 7.93638123E-17 2.41143583E-18 2.54073147E-19 1.69798664E-19 6.56812251E-21 2.55066497E-18 5.54913826E-18 5.54913826E-18 1.31194222E-17 7.43810434E-16 7.43810434E-16 6.80780811E-13 3.98397205E-13 2.67755735E-15 5.98493027E-16 5.92324647E-16 1.11527505E-16 9.08273850E-18 1.04615716E-16 5.89440730E-18 2.62116073E-21 1.94185820E-16
AI         4.96482450E-18 3.25145696E-16 3.25145696E-16 6.76134499E-17 7.93638123E-17 2.41143583E-18 2.54073147E-19 1.69798664E-19 6.56812251E-21 2.55066497E-18 5.54913826E-18 5.54913826E-18 1.31194222E-17 7.43810434E-16 7.43810434E-16 1.07323394E-14 1.07323394E-14 1.26914808E-14 5.98493027E-16 1.62829196E-15 1.11527505E-16 9.08273850E-18 1.04615716E-16 5.89440730E-18 2.62116073E-21 1.28230261E-16
LN-Th      8.20730927E-17 2.94079494E-15 2.94079494E-15 7.26154449E-18 7.43970652E-18 2.28197997E-19 7.29326759E-20 1.63950720E-20 0.00000000E+00 2.66041406E-18 5.66433475E-16 5.66433475E-16 8.83392050E-16 1.04202354E-14 1.04202354E-14 5.62652339E-16 5.62652339E-16 5.62652339E-16 8.28293200E-13 2.47376050E-16 1.87710997E-17 1.18210183E-18 5.13401433E-15 8.94527176E-17 0.00000000E+00 4.30769392E-17
R-marrow   3.24857305E-17 1.03979652E-16 1.03979652E-16 2.40422604E-17 2.38067404E-17 3.67090677E-17 2.25538384E-17 2.24464926E-17 5.74844902E-17 1.01911242E-17 5.10805908E-17 5.10805908E-17 3.99390555E-17 7.84649913E-17 7.84649913E-17 8.63861518E-17 8.63861518E-17 8.63861518E-17 7.61194049E-17 5.68115761E-16 4.06392066E-17 3.55282636E-17 4.78890552E-17 2.77496968E-17 2.96434694E-17 2.12807482E-16
Endost-BS  3.67779613E-17 4.94159294E-17 4.94159294E-17 1.11256737E-17 1.10088751E-17 1.85019341E-17 1.22423908E-17 1.26772215E-17 3.12776894E-17 1.99743343E-17 5.07601555E-17 5.07601555E-17 2.95825867E-17 3.68292309E-17 3.68292309E-17 3.96490615E-17 3.96490615E-17 3.96490615E-17 3.60714014E-17 2.29495760E-16 1.85628168E-17 1.65104287E-17 2.69181672E-17 2.96546846E-17 1.98717950E-17 2.05048887E-16
Brain      2.54297452E-17 6.51637221E-19 6.51637221E-19 3.75550169E-21 5.00087347E-21 5.52654757E-22 2.79515710E-22 2.23872121E-22 0.00000000E+00 4.35551678E-17 9.01865145E-17 9.01865145E-17 1.27999482E-17 6.51028394E-19 6.51028394E-19 1.24886453E-19 1.24886453E-19 1.24886453E-19 7.34517810E-19 1.16928442E-16 8.25265087E-21 6.08154151E-22 1.27810425E-18 3.61434994E-17 4.59343999E-23 2.38118171E-16
Eye-lens   1.05990383E-16 1.15156435E-18 1.15156435E-18 2.88584029E-19 0.00000000E+00 0.00000000E+00 0.00000000E+00 0.00000000E+00 0.00000000E+00 1.42013719E-15 1.92052895E-16 1.92052895E-16 9.34757828E-18 1.75149934E-18 1.75149934E-18 1.83673512E-18 1.83673512E-18 1.83673512E-18 6.41399313E-20 6.57052577E-17 3.29135116E-19 2.87270244E-20 7.99229719E-19 2.22221879E-17 0.00000000E+00 2.15647357E-16
P-gland    1.39932492E-16 1.04630135E-18 1.04630135E-18 9.16893560E-21 0.00000000E+00 0.00000000E+00 0.00000000E+00 0.00000000E+00 0.00000000E+00 5.44099135E-17 5.60088856E-16 5.60088856E-16 5.72842181E-17 3.60457666E-18 3.60457666E-18 1.91748482E-20 1.91748482E-20 1.95209183E-20 1.66049571E-18 9.81637512E-17 1.01866381E-21 9.50859702E-22 4.82142970E-18 6.86067993E-17 0.00000000E+00 2.31601667E-16
Tongue     1.36026386E-13 9.18928324E-17 9.18928324E-17 1.08672427E-19 1.55894977E-19 1.99358820E-20 1.27590927E-21 8.54456742E-22 1.76607914E-21 3.03259965E-16 3.31794729E-15 3.31794729E-15 4.45885716E-15 8.41511156E-17 8.41511156E-17 5.21412316E-18 5.21412316E-18 5.21412316E-18 9.23430440E-17 1.02816472E-16 3.49210387E-19 2.38323752E-20 1.48888659E-16 1.36712117E-15 0.00000000E+00 8.08262342E-17
Tonsils    5.44115157E-15 4.13425621E-17 4.13425621E-17 2.19738505E-21 3.97804400E-20 0.00000000E+00 0.00000000E+00 0.00000000E+00 0.00000000E+00 1.34411392E-16 4.01152949E-15 4.01152949E-15 1.24168678E-15 3.44387836E-17 3.44387836E-17 2.04597937E-18 2.04597937E-18 2.04597937E-18 3.84538379E-17 8.42087940E-17 1.00853806E-19 0.00000000E+00 7.13481233E-17 1.13727294E-15 0.00000000E+00 2.29193398E-16
S-glands   1.10018255E-15 7.09892358E-17 7.09892358E-17 1.42048967E-19 8.31513575E-20 3.47159601E-21 9.89087632E-22 0.00000000E+00 0.00000000E+00 2.73411418E-17 1.06788267E-15 1.06788267E-15 2.01874237E-15 6.40357898E-17 6.40357898E-17 5.76527187E-18 5.76527187E-18 5.76527187E-18 8.12559827E-17 8.54120285E-17 2.21661117E-19 1.66978833E-20 1.52982220E-16 1.53669553E-13 3.26972177E-23 2.65178215E-17
Thyroid    1.37518012E-16 2.15028106E-15 2.15028106E-15 5.11799257E-19 6.80236071E-19 2.03989110E-20 6.53079180E-21 1.22811634E-21 0.00000000E+00 4.36849441E-18 4.51557421E-16 4.51557421E-16 8.65704021E-16 3.38908392E-15 3.38908392E-15 1.08733309E-16 1.08733309E-16 1.08733309E-16 5.16669874E-15 3.93350349E-16 1.71993646E-18 1.08395250E-19 5.65840670E-13 1.67827987E-16 0.00000000E+00 3.93664456E-17
Breast     1.25979137E-17 2.18793221E-17 2.18793221E-17 1.22648212E-17 1.46219433E-17 7.30848826E-19 1.56841863E-19 8.54488786E-20 2.83408999E-21 1.71272666E-17 6.44587644E-18 6.44587644E-18 2.09788989E-17 3.75470060E-17 3.75470060E-17 1.10373938E-16 1.10373938E-16 1.10373938E-16 3.56147811E-17 9.72088540E-17 2.50612446E-17 1.26573545E-18 1.27930588E-17 1.14475510E-17 2.63622119E-21 2.21446712E-16
Thymus     2.78442252E-17 7.18960677E-16 7.18960677E-16 1.80837660E-18 2.50980947E-18 1.12548092E-19 1.37763145E-20 5.97067090E-21 0.00000000E+00 4.75157481E-18 4.41704036E-17 4.41704036E-17 8.78249063E-17 1.44263175E-15 1.44263175E-15 3.53760568E-16 3.53760568E-16 3.53760568E-16 1.64447395E-15 1.05817348E-16 8.17510552E-18 4.99686803E-19 1.55819674E-15 2.39204950E-17 2.58062567E-21 2.34664907E-16
Ht-wall    3.71400531E-18 8.26835220E-16 8.26835220E-16 1.73067104E-16 2.39733668E-16 4.48112742E-18 1.95609727E-19 2.99735177E-19 2.26211298E-21 2.92829797E-18 3.16045334E-18 3.16045334E-18 7.03099130E-18 8.67514481E-16 8.67514481E-16 4.81998774E-16 4.81998774E-16 4.81998774E-16 8.18103358E-16 7.03852153E-16 1.14712632E-16 1.07308975E-17 4.03924714E-17 2.92092795E-18 4.23855790E-21 2.06836848E-16
Adrenals   8.23454627E-20 8.54777178E-17 8.54777178E-17 3.47576167E-16 3.42096724E-16 1.23942771E-16 1.16926840E-17 2.77673207E-18 9.38795313E-20 7.34485767E-20 4.00191643E-20 4.00191643E-20 2.13954648E-19 6.90778392E-18 6.90778392E-18 2.60561962E-17 2.60561962E-17 2.60561962E-17 5.40686499E-18 5.23447080E-16 4.75734264E-16 1.07403503E-15 3.13353677E-19 2.30873632E-20 4.36689223E-20 1.96855802E-16
Liver      3.89729430E-19 1.13052777E-16 1.13052777E-16 2.51621817E-16 2.19113656E-16 6.04661406E-17 2.82575867E-17 2.36529315E-18 6.34574041E-20 6.71231839E-19 2.03540501E-19 2.03540501E-19 5.39084323E-19 2.48481551E-17 2.48481551E-17 1.13278684E-16 1.13278684E-16 1.13278684E-16 2.03764806E-17 7.32579177E-16 6.94719747E-15 1.97996970E-16 1.75390260E-18 3.12792916E-19 6.79675309E-20 1.91413674E-17
Pancreas   7.26859407E-20 1.38796549E-17 1.38796549E-17 1.12461574E-15 6.49938914E-16 7.69076757E-16 1.19086574E-16 2.98100957E-17 3.00824657E-19 2.02691347E-19 2.48433486E-20 2.48433486E-20 4.38884205E-20 1.45967891E-18 1.45967891E-18 6.12399919E-18 6.12399919E-18 6.12399919E-18 1.08121278E-18 5.58566789E-16 2.55771454E-16 6.35759652E-16 1.11237511E-19 2.02627260E-20 3.86829491E-19 2.04258844E-16
Kidneys    2.50884816E-20 1.42116259E-17 1.42116259E-17 2.26019037E-16 2.22654466E-16 2.91355794E-16 1.52137873E-16 3.16798357E-17 5.62892665E-19 3.98717641E-20 1.86285060E-20 1.86285060E-20 3.98493336E-20 2.20155071E-18 2.20155071E-18 8.81934069E-18 8.81934069E-18 8.81934069E-18 1.43792135E-18 7.11318295E-16 1.96282641E-16 3.29583725E-14 1.07970673E-19 2.81085843E-20 3.37370303E-19 3.35723347E-17
Spleen     1.53475690E-19 8.70318290E-17 8.70318290E-17 1.00701599E-15 1.01244737E-15 8.11342173E-17 4.60048956E-19 4.88263284E-18 8.78793803E-20 1.82263597E-19 1.40539717E-19 1.40539717E-19 2.69293824E-19 2.46254526E-17 2.46254526E-17 1.56119281E-16 1.56119281E-16 1.56119281E-16 1.40496458E-17 9.23061939E-16 3.74524776E-17 3.86268729E-16 1.12325389E-18 1.99679256E-19 2.47568311E-20 1.83620786E-16
GB-wall    1.57554831E-19 3.48777799E-17 3.48777799E-17 3.03211900E-16 1.70824057E-16 2.05495156E-16 2.72337959E-17 6.09435892E-18 8.99782315E-20 2.01121214E-19 3.87149926E-20 3.87149926E-20 1.07544495E-19 4.55194362E-18 4.55194362E-18 1.57612510E-17 1.57612510E-17 1.57612510E-17 3.92533239E-18 1.06777052E-16 9.36552265E-16 4.18168063E-16 4.18937108E-19 4.44075257E-20 9.37657767E-20 2.09289381E-16
Ureters    1.03784186E-20 1.94472182E-18 1.94472182E-18 6.62564064E-17 3.90226105E-17 4.27124230E-16 2.20988203E-16 2.15124237E-16 3.25530219E-16 1.87294431E-21 4.50644180E-21 4.50644180E-21 5.63789884E-21 2.24865470E-19 2.24865470E-19 8.48464602E-19 8.48464602E-19 8.49089451E-19 2.13185603E-19 9.72008431E-17 3.43202225E-17 3.04317402E-16 1.48640321E-20 8.56507528E-21 2.44331914E-16 2.41870494E-16
UB-wall    0.00000000E+00 2.71280523E-21 2.71280523E-21 1.95769945E-19 6.75061041E-20 2.49603075E-16 2.90522662E-17 5.09748471E-17 6.87878453E-16 0.00000000E+00 0.00000000E+00 0.00000000E+00 0.00000000E+00 0.00000000E+00 0.00000000E+00 1.50859336E-21 1.50859336E-21 1.50859336E-21 0.00000000E+00 7.56820107E-17 6.03988492E-20 2.73491526E-19 1.32991864E-23 0.00000000E+00 4.14066491E-15 2.36053399E-16
Ovaries    0.00000000E+00 0.00000000E+00 0.00000000E+00 7.01753301E-20 4.45260868E-20 3.23976107E-16 1.18343164E-17 1.38109215E-17 1.26370068E-15 0.00000000E+00 0.00000000E+00 0.00000000E+00 0.00000000E+00 0.00000000E+00 0.00000000E+00 0.00000000E+00 0.00000000E+00 0.00000000E+00 0.00000000E+00 4.35295330E-16 5.66032931E-20 2.88471876E-19 0.00000000E+00 0.00000000E+00 6.06792301E-16 2.49327068E-16
Testes     0.00000000E+00 0.00000000E+00 0.00000000E+00 0.00000000E+00 0.00000000E+00 0.00000000E+00 0.00000000E+00 0.00000000E+00 0.00000000E+00 0.00000000E+00 0.00000000E+00 0.00000000E+00 0.00000000E+00 0.00000000E+00 0.00000000E+00 0.00000000E+00 0.00000000E+00 0.00000000E+00 0.00000000E+00 0.00000000E+00 0.00000000E+00 0.00000000E+00 0.00000000E+00 0.00000000E+00 0.00000000E+00 0.00000000E+00
Prostate   0.00000000E+00 0.00000000E+00 0.00000000E+00 0.00000000E+00 0.00000000E+00 0.00000000E+00 0.00000000E+00 0.00000000E+00 0.00000000E+00 0.00000000E+00 0.00000000E+00 0.00000000E+00 0.00000000E+00 0.00000000E+00 0.00000000E+00 0.00000000E+00 0.00000000E+00 0.00000000E+00 0.00000000E+00 0.00000000E+00 0.00000000E+00 0.00000000E+00 0.00000000E+00 0.00000000E+00 0.00000000E+00 0.00000000E+00
Uterus     0.00000000E+00 5.36056209E-22 5.36056209E-22 9.77487875E-20 5.85114853E-20 3.26699807E-16 1.11123757E-17 1.94840683E-17 1.47855255E-15 7.51196468E-22 0.00000000E+00 0.00000000E+00 0.00000000E+00 9.25417139E-23 9.25417139E-23 2.45004828E-21 2.45004828E-21 2.45004828E-21 6.60321017E-22 9.02377841E-17 4.38483661E-20 2.51814078E-19 6.94559529E-22 0.00000000E+00 1.37447516E-15 2.44887564E-16
LN-Sys     1.74781433E-17 3.22277800E-16 3.22277800E-16 2.02611239E-16 1.50662268E-16 2.96050171E-16 1.70599752E-16 2.22542314E-16 2.06408397E-16 2.48577682E-18 3.98990011E-17 3.98990011E-17 5.97339460E-17 2.78233969E-16 2.78233969E-16 1.06612028E-16 1.06612028E-16 1.06612028E-16 2.73459483E-16 2.20459485E-16 6.03139339E-17 1.64719765E-16 2.39557428E-16 8.99622097E-17 1.14060546E-16 2.39617392E-16
Skin       9.99549845E-18 6.50675915E-18 6.50675915E-18 1.08677233E-17 9.18896281E-18 7.32290785E-18 1.01678926E-17 9.93141139E-18 6.93470049E-18 2.88023267E-17 8.08666538E-18 8.08666538E-18 1.58967951E-17 1.00871429E-17 1.00871429E-17 1.26446973E-17 1.26446973E-17 1.26446973E-17 1.04742288E-17 1.51303139E-16 1.03458944E-17 8.02898703E-18 2.18504829E-17 2.57501805E-17 1.06044857E-17 2.16765479E-16
Adipose    1.16202656E-17 1.20345885E-17 1.20345885E-17 1.84170187E-17 1.34992982E-17 2.36064684E-17 2.04245459E-17 2.34366377E-17 3.05823448E-17 2.81085843E-17 2.04629981E-17 2.04629981E-17 1.75246064E-17 1.81494552E-17 1.81494552E-17 1.57332129E-17 1.57332129E-17 1.57332129E-17 2.16229739E-17 5.40846717E-17 1.05227747E-17 1.91155677E-17 1.95337357E-17 1.66978833E-17 1.73611844E-17 2.27624995E-16
Muscle     2.17271153E-17 2.25970972E-17 2.25970972E-17 1.91219764E-17 1.42330950E-17 2.42713716E-17 3.83272659E-17 3.78978826E-17 3.32003012E-17 6.15556206E-18 2.93887233E-17 2.93887233E-17 4.61603068E-17 2.54874236E-17 2.54874236E-17 2.91083424E-17 2.91083424E-17 2.91083424E-17 2.72850656E-17 8.79146282E-17 1.56213810E-17 3.36104583E-17 4.58943455E-17 2.69998782E-17 2.18408699E-17 2.44839527E-16
