  T/S       O-cavity       Oesophagus-s   Oesophagus-f   St-cont        SI-cont        RC-cont        LC-cont        RS-cont        ET1-sur        ET2-sur        ET2-seq        LN-ET          Bronchi        Bronchi-q      Brchiole       Brchiole-q     ALV            LN-Th          Blood          Liver          C-bone-S       C-bone-V       C-marrow       T-bone-S       T-bone-V       T-marrow       Kidneys        Ovaries        Testes         Ureters        UB-cont        Other          
O-mucosa   6.04036557E-19 1.67010877E-21 1.67010877E-21 8.59743925E-23 2.24224599E-23 2.53368190E-23 3.25914741E-23 1.34207916E-24 1.58235756E-20 1.77296850E-19 1.77296850E-19 1.11755014E-19 7.13192841E-22 7.13192841E-22 4.08186504E-22 4.08186504E-22 4.08138438E-22 1.29529560E-21 9.87693739E-18 1.06165021E-22 5.23719450E-21 5.23719450E-21 1.89873935E-23 3.89953735E-21 3.89953735E-21 1.95769945E-21 2.56204042E-23 0.00000000E+00 2.06376353E-28 9.32114237E-24 9.09187091E-25 2.10240391E-17
Oesophagus 1.69830708E-21 2.65112143E-18 5.69397502E-19 5.74300162E-21 1.28622728E-21 6.56555903E-22 1.09825994E-21 4.43354277E-23 3.04878164E-22 6.21884803E-20 6.21884803E-20 1.95978228E-20 5.65183778E-20 5.65183778E-20 9.38026268E-21 9.38026268E-21 9.38026268E-21 3.14250896E-19 5.01128762E-17 4.57902040E-21 2.87350353E-21 2.87350353E-21 1.76688023E-22 1.26200238E-21 1.26200238E-21 2.00960997E-21 1.58019463E-21 0.00000000E+00 8.91034431E-25 4.99622716E-22 2.19786570E-23 1.61832620E-17
St-stem    1.03202596E-22 1.51328774E-20 1.51328774E-20 1.05665141E-19 1.02938237E-20 3.42625442E-21 1.92261178E-20 3.23655672E-22 8.40678024E-23 9.88879350E-23 9.88879350E-23 1.93510876E-22 2.93262384E-21 2.93262384E-21 3.82215223E-21 3.82215223E-21 3.82215223E-21 1.40959487E-21 5.00279608E-17 8.70158072E-21 6.09403849E-22 6.09403849E-22 1.98525689E-22 6.98084317E-22 6.98084317E-22 8.37521737E-22 4.78265703E-21 0.00000000E+00 8.16693442E-24 2.31722785E-21 1.41526658E-22 1.65868877E-17
SI-stem    1.67747878E-23 6.98821318E-22 6.98821318E-22 4.71873019E-21 3.00103678E-20 8.74596101E-21 8.73554686E-21 8.00383286E-21 1.51285515E-23 1.60858519E-23 1.60858519E-23 2.97347934E-23 4.02322538E-22 4.02322538E-22 4.90554397E-22 4.90554397E-22 4.90554397E-22 2.22173813E-22 5.42336741E-17 2.21500899E-21 8.44234856E-22 8.44234856E-22 9.25865748E-23 9.55922579E-22 9.55922579E-22 1.37098242E-21 5.50956450E-21 0.00000000E+00 2.02739413E-22 2.34254224E-20 6.84065273E-21 1.60799308E-17
RC-stem    2.24801383E-23 5.23366971E-22 5.23366971E-22 1.82391771E-21 1.17538871E-20 8.18632076E-20 4.27028099E-21 8.58205835E-22 2.14082822E-23 1.89168978E-23 1.89168978E-23 3.47079492E-23 3.78594304E-22 3.78594304E-22 4.83825256E-22 4.83825256E-22 4.83825256E-22 2.17767828E-22 5.49001795E-17 6.66233049E-21 6.24704634E-22 6.24704634E-22 1.05315867E-22 7.47767810E-22 7.47767810E-22 9.41535034E-22 6.73394777E-21 0.00000000E+00 5.51869691E-23 7.02810738E-21 1.03531042E-21 1.55940822E-17
LC-stem    3.67395090E-23 9.56915929E-22 9.56915929E-22 1.18943980E-20 1.58975962E-20 5.36873319E-21 9.90097004E-20 6.34413824E-21 3.21925322E-23 3.23655672E-23 3.23655672E-23 6.07240910E-23 8.42696767E-22 8.42696767E-22 9.86828564E-22 9.86828564E-22 9.86828564E-22 3.75838560E-22 5.49402339E-17 1.85804407E-21 4.71760867E-22 4.71760867E-22 1.67747878E-22 9.94759337E-22 9.94759337E-22 1.06605619E-21 5.44323440E-21 0.00000000E+00 2.88824355E-23 3.81350047E-21 4.86420781E-22 1.59167873E-17
RS-stem    1.15278200E-24 3.00536265E-23 3.00536265E-23 1.66818616E-22 2.64647512E-21 5.44243331E-22 5.68292000E-22 1.10758461E-19 7.15644171E-25 1.16716955E-24 1.16716955E-24 1.37838448E-24 2.08539292E-23 2.08539292E-23 2.85620002E-23 2.85620002E-23 2.85620002E-23 1.19152263E-23 5.48665338E-17 1.15995975E-22 1.27485183E-21 1.27485183E-21 8.87765991E-23 1.29845189E-21 1.29845189E-21 1.86220973E-21 3.71416553E-22 0.00000000E+00 1.17721520E-21 5.42016306E-21 1.98045036E-20 1.58297830E-17
ET1-bas    1.53610273E-20 2.71168370E-22 2.71168370E-22 6.54873617E-23 1.70022969E-23 2.41912628E-23 3.36937715E-23 1.18263055E-24 4.53367881E-16 1.89201021E-19 1.89201021E-19 2.23535663E-21 2.49330705E-22 2.49330705E-22 1.60361845E-22 1.60361845E-22 1.60361845E-22 2.58110632E-22 9.82903231E-18 7.69541388E-23 9.65856073E-21 9.65856073E-21 1.07824875E-23 6.65896592E-22 6.65896592E-22 4.47327675E-22 1.71096427E-23 0.00000000E+00 3.11062565E-26 5.23350949E-24 3.89344908E-25 2.04788777E-17
ET2-bas    1.70247274E-19 7.05005720E-20 7.05005720E-20 8.65768108E-23 2.25810754E-23 1.84859123E-23 3.26395394E-23 8.65768108E-25 2.01425628E-19 1.14911302E-17 1.20751235E-13 3.16477921E-18 4.07161111E-21 4.07161111E-21 5.58502702E-22 5.58502702E-22 5.58502702E-22 5.25129365E-21 9.85450692E-18 1.05569011E-22 2.99879373E-21 2.99879373E-21 1.92357309E-23 1.41044403E-21 1.41044403E-21 1.06887602E-21 2.94864561E-23 0.00000000E+00 0.00000000E+00 8.81469438E-24 7.62251485E-25 2.04818266E-17
LN-ET      6.50659893E-20 2.02915652E-20 2.02915652E-20 2.12144189E-22 4.06952828E-23 4.92220660E-23 6.19898105E-23 1.71512993E-24 2.50884816E-21 3.16109421E-18 3.16109421E-18 7.71624218E-14 2.40422604E-20 2.40422604E-20 1.17569313E-21 1.17569313E-21 1.17582130E-21 1.56024753E-20 1.18096429E-17 2.08218856E-22 1.44423393E-21 1.44423393E-21 3.25898719E-23 1.74605194E-21 1.74605194E-21 1.14520371E-21 5.62812556E-23 0.00000000E+00 7.34005114E-31 1.47872879E-23 8.52646283E-25 1.80400962E-21
Bronch-bas 4.93438314E-22 2.61379072E-20 2.61379072E-20 3.49370605E-21 7.94935886E-22 5.21556512E-22 1.02733159E-21 3.49274474E-23 2.31065893E-22 6.17815275E-22 6.17815275E-22 1.27408279E-21 5.24344299E-17 1.14304077E-13 4.01233058E-16 2.31995155E-19 2.65400535E-20 7.15195562E-19 4.02322538E-17 3.26042915E-21 1.09630528E-21 1.09630528E-21 3.13754221E-22 1.07558914E-21 1.07558914E-21 1.19374966E-21 9.76190112E-22 0.00000000E+00 1.26672880E-24 2.96194367E-22 1.72906886E-23 2.12127960E-17
Bronch-sec 4.93438314E-22 2.61379072E-20 2.61379072E-20 3.49370605E-21 7.94935886E-22 5.21556512E-22 1.02733159E-21 3.49274474E-23 2.31065893E-22 6.17815275E-22 6.17815275E-22 1.27408279E-21 6.40582203E-14 1.66466137E-14 4.01233058E-16 2.31995155E-19 2.65400535E-20 7.15195562E-19 4.02322538E-17 3.26042915E-21 1.09630528E-21 1.09630528E-21 3.13754221E-22 1.07558914E-21 1.07558914E-21 1.19374966E-21 9.76190112E-22 0.00000000E+00 1.26672880E-24 2.96194367E-22 1.72906886E-23 2.07202402E-17
Bchiol-sec 4.24833117E-22 9.54128142E-21 9.54128142E-21 3.96634811E-21 9.06287152E-22 6.01681358E-22 1.09577656E-21 4.04773868E-23 1.84811058E-22 5.80388432E-22 5.80388432E-22 1.18445703E-21 1.82616076E-19 1.82616076E-19 4.73667457E-14 2.23952229E-14 9.11478203E-18 3.24072238E-20 4.02322538E-17 5.80100041E-21 2.48353377E-21 2.48353377E-21 3.61114558E-22 1.95337357E-21 1.95337357E-21 2.00576474E-21 1.29281223E-21 0.00000000E+00 1.25737209E-24 3.58695272E-22 2.07866377E-23 1.65872951E-17
AI         4.24833117E-22 9.54128142E-21 9.54128142E-21 3.96634811E-21 9.06287152E-22 6.01681358E-22 1.09577656E-21 4.04773868E-23 1.84811058E-22 5.80388432E-22 5.80388432E-22 1.18445703E-21 1.82616076E-19 1.82616076E-19 4.01233058E-16 4.01233058E-16 1.11926447E-15 3.24072238E-20 1.31618798E-16 5.80100041E-21 2.48353377E-21 2.48353377E-21 3.61114558E-22 1.95337357E-21 1.95337357E-21 2.00576474E-21 1.29281223E-21 0.00000000E+00 1.25737209E-24 3.58695272E-22 2.07866377E-23 9.15394464E-18
LN-Th      1.36290745E-21 3.17583423E-19 3.17583423E-19 1.52645763E-21 4.08715222E-22 2.56764804E-22 4.15460385E-22 1.80164746E-23 3.18785056E-22 5.51725495E-21 5.51725495E-21 1.57572455E-20 1.07957856E-18 1.07957856E-18 2.43867283E-20 2.43867283E-20 2.43867283E-20 7.71496044E-14 1.29484699E-17 1.73900236E-21 1.78434395E-21 1.78434395E-21 1.93607007E-22 1.21198243E-21 1.21198243E-21 1.74829498E-21 5.97387525E-22 0.00000000E+00 4.01473384E-25 1.65248483E-22 6.86164124E-24 3.01400730E-21
R-marrow   2.28854889E-21 4.16037168E-21 4.16037168E-21 1.50811271E-21 1.96923512E-21 1.36822668E-21 1.25942287E-21 2.60289592E-21 7.35366964E-22 2.14483366E-21 2.14483366E-21 2.93646907E-21 2.40646908E-21 2.40646908E-21 3.79972176E-21 3.79972176E-21 3.79972176E-21 3.37482455E-21 3.53215828E-17 2.20731855E-21 3.91860325E-18 3.41151439E-20 2.06840984E-22 1.42502383E-16 6.13024767E-18 2.80845516E-16 2.27284756E-21 0.00000000E+00 3.68805006E-22 4.05302586E-21 2.75862748E-21 1.81541060E-17
Endost-BS  3.18672903E-21 2.00320126E-21 2.00320126E-21 7.35703421E-22 1.02081073E-21 7.25882079E-22 6.51076459E-22 1.63630285E-21 1.38530588E-21 2.85700111E-21 2.85700111E-21 1.91940743E-21 1.16060063E-21 1.16060063E-21 1.63998785E-21 1.63998785E-21 1.63998785E-21 1.61259063E-21 1.34952928E-17 1.01904833E-21 1.23542227E-16 4.92957662E-20 2.28566498E-17 1.05762874E-15 4.51589465E-17 3.19666253E-16 1.12397487E-21 0.00000000E+00 4.03043517E-22 2.07401746E-21 1.89857914E-21 1.65926783E-17
Brain      4.16581908E-21 2.41656280E-22 2.41656280E-22 1.53371549E-23 4.38611835E-24 4.60225196E-24 6.24368177E-24 1.96266620E-25 3.55955550E-21 1.17213630E-20 1.17213630E-20 1.68597032E-21 1.26169796E-22 1.26169796E-22 9.64157766E-23 9.64157766E-23 9.64157766E-23 2.18729134E-22 9.73995130E-18 2.18985482E-23 4.97908387E-21 4.97908387E-21 7.29438911E-24 2.10461903E-21 2.10461903E-21 1.63341893E-21 6.45404754E-24 0.00000000E+00 1.35848544E-26 1.79283549E-24 1.00281828E-25 2.00961554E-17
Eye-lens   8.37505715E-21 2.24464926E-22 2.24464926E-22 1.26602384E-23 1.06934065E-24 2.68524779E-24 0.00000000E+00 0.00000000E+00 3.71688923E-20 1.53701597E-20 1.53701597E-20 1.77104589E-21 1.47397032E-22 1.47397032E-22 8.08426212E-23 8.08426212E-23 8.08426212E-23 1.38432855E-22 3.90770845E-18 1.96090380E-23 1.47196760E-21 1.47196760E-21 0.00000000E+00 7.72088849E-22 7.72088849E-22 5.37033537E-22 8.19977904E-23 0.00000000E+00 0.00000000E+00 0.00000000E+00 0.00000000E+00 2.08920812E-17
P-gland    1.41345612E-20 4.67739404E-22 4.67739404E-22 1.73707975E-23 1.09382191E-23 5.79491214E-28 5.13625738E-24 0.00000000E+00 1.01036454E-20 1.56840261E-19 1.56840261E-19 4.43450408E-21 1.92357309E-22 1.92357309E-22 1.72938930E-22 1.72938930E-22 1.72938930E-22 4.56027493E-22 9.85658975E-18 3.14891767E-23 2.47520245E-21 2.47520245E-21 2.28149932E-24 1.40195249E-21 1.40195249E-21 9.05742412E-22 1.17506828E-23 0.00000000E+00 0.00000000E+00 1.78770852E-24 0.00000000E+00 2.00432174E-17
Tongue     5.60072835E-15 2.00272061E-21 2.00272061E-21 1.02286151E-22 2.65913232E-23 2.72337959E-23 3.97323747E-23 1.11798273E-24 1.23976417E-20 1.08279894E-19 1.08279894E-19 7.56483650E-20 8.28325244E-22 8.28325244E-22 4.62500287E-22 4.62500287E-22 4.62500287E-22 1.54837540E-21 9.83832494E-18 1.16805075E-22 3.64495151E-21 3.64495151E-21 2.09772967E-23 2.79852167E-21 2.79852167E-21 1.49875599E-21 3.10421694E-23 0.00000000E+00 3.24136325E-26 1.04484337E-23 8.44475183E-25 3.42891036E-18
Tonsils    3.74284449E-20 1.04205559E-21 1.04205559E-21 3.71464619E-23 1.22752354E-23 6.44843992E-24 1.50567740E-23 6.34862433E-25 6.52790788E-21 7.25705840E-20 7.25705840E-20 1.10446036E-20 4.49586744E-22 4.49586744E-22 2.35760270E-22 2.35760270E-22 2.35760270E-22 8.33660491E-22 9.88863328E-18 4.61346719E-23 3.43538682E-21 3.43538682E-21 1.45836513E-23 1.64175025E-21 1.64175025E-21 1.63870611E-21 2.66778407E-23 0.00000000E+00 0.00000000E+00 5.44307418E-24 1.21654863E-27 2.00368253E-17
S-glands   1.17370643E-20 2.00896910E-21 2.00896910E-21 8.44523248E-23 2.38291709E-23 2.30569218E-23 3.36553193E-23 1.26597577E-24 2.38259665E-21 1.15564990E-20 1.15564990E-20 1.97964927E-20 7.96361823E-22 7.96361823E-22 4.98949802E-22 4.98949802E-22 4.98949802E-22 1.53632703E-21 9.85274452E-18 1.09704228E-22 3.23126954E-21 3.23126954E-21 2.32171395E-23 1.03088842E-21 1.03088842E-21 7.27227907E-22 3.21797147E-23 0.00000000E+00 8.43593986E-27 8.93678023E-24 6.59776277E-25 2.00854508E-17
Thyroid    2.97556217E-21 1.06701750E-19 1.06701750E-19 4.72834325E-22 1.17317771E-22 9.34950089E-23 1.50167196E-22 9.85979410E-24 5.70182568E-22 9.44707344E-21 9.44707344E-21 2.27509061E-20 3.34934995E-20 3.34934995E-20 4.33468849E-21 4.33468849E-21 4.33468849E-21 2.77064380E-19 3.16461900E-17 5.41006934E-22 1.54002806E-21 1.54002806E-21 9.65647790E-23 1.02415928E-21 1.02415928E-21 1.41007553E-21 1.78354287E-22 0.00000000E+00 1.19520764E-25 5.04301071E-23 2.82688019E-24 1.80139411E-17
Breast     2.97492130E-22 1.16159397E-21 1.16159397E-21 2.66666254E-21 6.16421382E-22 5.46678639E-22 9.63004199E-22 2.96995455E-23 3.45877860E-22 2.11567405E-22 2.11567405E-22 3.77568911E-22 3.10053194E-21 3.10053194E-21 2.94303799E-21 2.94303799E-21 2.94303799E-21 1.07281738E-21 9.85963388E-18 2.33148722E-21 2.37170185E-22 2.37170185E-22 1.24392982E-22 4.14771449E-22 4.14771449E-22 3.72890556E-22 5.28814371E-22 0.00000000E+00 1.68773271E-24 2.06712810E-22 1.32487178E-23 2.00932521E-17
Thymus     1.22635395E-21 1.61579499E-20 1.61579499E-20 9.90866048E-22 2.42905977E-22 1.91700417E-22 2.85812264E-22 1.07433944E-23 3.79427436E-22 2.50660511E-21 2.50660511E-21 5.40574347E-21 1.94167768E-20 1.94167768E-20 2.24512991E-20 2.24512991E-20 2.24512991E-20 4.28950711E-20 9.84168951E-18 1.07858521E-21 3.81205852E-21 3.81205852E-21 1.45416742E-22 1.14478714E-21 1.14478714E-21 1.93110332E-21 3.17407184E-22 0.00000000E+00 1.27148726E-25 9.05437998E-23 5.83048045E-24 2.00907241E-17
Ht-wall    3.53087654E-22 5.05967335E-20 5.05967335E-20 1.86990018E-20 1.65008156E-21 8.46173490E-22 1.90514806E-21 6.45532928E-23 1.79780224E-22 4.50115462E-22 4.50115462E-22 9.10837333E-22 1.97804709E-20 1.97804709E-20 1.97772666E-20 1.97772666E-20 1.97772666E-20 6.27348225E-20 3.19377861E-17 5.12247866E-21 1.00772095E-21 1.00772095E-21 2.52118492E-22 9.24071311E-22 9.24071311E-22 1.25609034E-21 1.68901445E-21 0.00000000E+00 1.91796547E-24 5.64815277E-22 3.10597934E-23 1.79735528E-17
Adrenals   5.25593997E-23 3.55667158E-21 3.55667158E-21 7.73450699E-21 6.39572832E-21 2.94816495E-21 4.08458874E-21 2.61475203E-22 3.65488500E-23 6.88679541E-23 6.88679541E-23 1.32357402E-22 1.71897515E-21 1.71897515E-21 2.50900838E-21 2.50900838E-21 2.50900838E-21 1.22726719E-21 4.25073444E-17 1.50628622E-20 1.19024089E-21 1.19024089E-21 2.03828893E-22 1.13097638E-21 1.13097638E-21 1.52673000E-21 9.62651720E-20 0.00000000E+00 9.72921672E-24 3.18016011E-21 1.36375660E-22 1.69573245E-17
Liver      1.23904319E-22 5.15019632E-21 5.15019632E-21 6.48897499E-21 3.49034148E-21 7.31778089E-21 2.57950414E-21 1.69990925E-22 9.23606679E-23 1.23241018E-22 1.23241018E-22 2.32700113E-22 3.13225503E-21 3.13225503E-21 6.04100644E-21 6.04100644E-21 6.04100644E-21 1.77809547E-21 5.21652642E-17 5.21684686E-16 7.96618171E-22 7.96618171E-22 2.45004828E-22 1.17303351E-21 1.17303351E-21 1.16782644E-21 7.34645985E-21 0.00000000E+00 6.72834016E-24 1.74765411E-21 1.20127989E-22 1.15755132E-21
Pancreas   5.85499375E-23 2.92781731E-21 2.92781731E-21 1.47179136E-20 3.17807728E-20 1.18442499E-20 1.04442681E-20 5.54769630E-22 4.62756635E-23 5.75918360E-23 5.75918360E-23 1.07675873E-22 1.42649784E-21 1.42649784E-21 1.73147213E-21 1.73147213E-21 1.73147213E-21 8.34333406E-22 4.25297748E-17 1.22979863E-20 7.74764484E-22 7.74764484E-22 1.27026961E-22 8.88599123E-22 8.88599123E-22 1.22555286E-21 9.78288963E-21 0.00000000E+00 1.77745459E-23 6.51140546E-21 3.22341887E-22 1.69602953E-17
Kidneys    3.53872721E-23 1.68196488E-21 1.68196488E-21 4.94800164E-21 9.51837029E-21 6.25697983E-21 5.84201612E-21 5.78081298E-22 2.49074357E-23 3.98813771E-23 3.98813771E-23 7.31489697E-23 9.45636606E-22 9.45636606E-22 1.30248938E-21 1.30248938E-21 1.30248938E-21 6.26531115E-22 5.83112132E-17 7.16172890E-21 8.56667746E-22 8.56667746E-22 1.93078288E-22 1.03250662E-21 1.03250662E-21 1.27773575E-21 2.91692251E-15 0.00000000E+00 1.70904166E-23 1.11181435E-20 3.24985479E-22 2.03548302E-21
Spleen     9.35751177E-23 4.01217036E-21 4.01217036E-21 1.28416048E-20 4.97379669E-21 7.28798040E-22 8.23935280E-21 1.99519038E-22 5.02987286E-23 1.10905861E-22 1.10905861E-22 2.22958880E-22 3.31009662E-21 3.31009662E-21 9.05806499E-21 9.05806499E-21 9.05806499E-21 1.90851263E-21 7.54609104E-17 1.92950114E-21 1.00344313E-21 1.00344313E-21 4.51749682E-22 1.17162360E-21 1.17162360E-21 1.17502021E-21 8.96289570E-21 0.00000000E+00 4.45164737E-24 1.61739716E-21 7.61899007E-23 1.38103075E-17
GB-wall    7.70871195E-23 2.52567101E-21 2.52567101E-21 4.57934084E-21 8.81934069E-21 2.85331611E-20 3.49771149E-21 2.98133001E-22 5.59976704E-23 6.75878151E-23 6.75878151E-23 1.32552867E-22 1.56612752E-21 1.56612752E-21 1.94936813E-21 1.94936813E-21 1.94936813E-21 9.26282314E-22 9.84168951E-18 9.14778687E-20 6.02466424E-22 6.02466424E-22 1.46887540E-22 7.72024762E-22 7.72024762E-22 9.39436183E-22 8.20586731E-21 0.00000000E+00 1.04578866E-23 3.34470363E-21 2.15124237E-22 2.00721188E-17
Ureters    1.22095461E-23 5.09492123E-22 5.09492123E-22 2.11711601E-21 1.32924572E-20 5.86508747E-21 3.61194667E-21 5.97980330E-21 8.96273549E-24 1.47635757E-23 1.47635757E-23 2.09933185E-23 2.81326169E-22 2.81326169E-22 3.61451015E-22 3.61451015E-22 3.61483059E-22 1.62508761E-22 9.82646883E-18 1.68372727E-21 1.28134065E-21 1.28134065E-21 9.03563452E-23 1.38862238E-21 1.38862238E-21 2.24625143E-21 9.48856981E-21 0.00000000E+00 2.52310753E-22 7.35062550E-14 9.26778989E-21 4.33262535E-21
UB-wall    8.04917445E-25 2.09196184E-23 2.09196184E-23 1.13892318E-22 2.31995155E-21 6.44683775E-22 3.03484270E-22 1.30088720E-20 5.18304094E-25 6.50499675E-25 6.50499675E-25 1.28871066E-24 1.68949511E-23 1.68949511E-23 2.06408397E-23 2.06408397E-23 2.06408397E-23 1.08422487E-23 4.81854578E-18 1.10170462E-22 1.34212722E-21 1.34212722E-21 9.97386907E-23 1.68869402E-21 1.68869402E-21 2.08363052E-21 2.86100655E-22 0.00000000E+00 1.94936813E-21 9.51724877E-21 3.65985175E-18 2.05601792E-17
Ovaries    0.00000000E+00 0.00000000E+00 0.00000000E+00 0.00000000E+00 0.00000000E+00 0.00000000E+00 0.00000000E+00 0.00000000E+00 0.00000000E+00 0.00000000E+00 0.00000000E+00 0.00000000E+00 0.00000000E+00 0.00000000E+00 0.00000000E+00 0.00000000E+00 0.00000000E+00 0.00000000E+00 0.00000000E+00 0.00000000E+00 0.00000000E+00 0.00000000E+00 0.00000000E+00 0.00000000E+00 0.00000000E+00 0.00000000E+00 0.00000000E+00 0.00000000E+00 0.00000000E+00 0.00000000E+00 0.00000000E+00 0.00000000E+00
Testes     1.67347334E-28 1.09005679E-24 1.09005679E-24 6.44843992E-24 7.27900822E-23 3.42545333E-23 1.70183186E-23 6.11294417E-22 7.45524763E-27 4.13169272E-29 4.13169272E-29 7.34005114E-31 1.81654770E-24 1.81654770E-24 2.43578891E-24 2.43578891E-24 2.43578891E-24 7.52125730E-25 1.32272486E-17 6.15972772E-24 3.67314981E-22 3.67314981E-22 6.98420774E-22 3.60633905E-22 3.60633905E-22 3.70599443E-22 1.49518314E-23 0.00000000E+00 3.30561053E-14 2.51029012E-22 1.82167467E-21 2.83472785E-21
Prostate   3.01609724E-25 1.32017740E-23 1.32017740E-23 4.62644482E-23 6.60112734E-22 2.78778709E-22 1.29060123E-22 5.78642060E-21 3.19954644E-25 2.54025082E-25 2.54025082E-25 2.79980341E-26 6.77688610E-24 6.77688610E-24 9.72777476E-24 9.72777476E-24 9.72777476E-24 4.29158994E-24 9.83271732E-18 4.79771749E-23 1.33696821E-21 1.33696821E-21 1.86333125E-22 1.54086119E-21 1.54086119E-21 1.77248785E-21 1.25895824E-22 0.00000000E+00 4.81405969E-21 2.46655070E-21 5.20402945E-20 2.00761545E-17
Uterus     0.00000000E+00 0.00000000E+00 0.00000000E+00 0.00000000E+00 0.00000000E+00 0.00000000E+00 0.00000000E+00 0.00000000E+00 0.00000000E+00 0.00000000E+00 0.00000000E+00 0.00000000E+00 0.00000000E+00 0.00000000E+00 0.00000000E+00 0.00000000E+00 0.00000000E+00 0.00000000E+00 0.00000000E+00 0.00000000E+00 0.00000000E+00 0.00000000E+00 0.00000000E+00 0.00000000E+00 0.00000000E+00 0.00000000E+00 0.00000000E+00 0.00000000E+00 0.00000000E+00 0.00000000E+00 0.00000000E+00 0.00000000E+00
LN-Sys     5.69461589E-22 4.01745754E-20 4.01745754E-20 9.28861818E-21 9.68083099E-21 4.32203129E-21 6.20763280E-21 9.67410185E-21 1.50023000E-22 7.99005414E-22 7.99005414E-22 1.67090986E-21 5.04365158E-21 5.04365158E-21 1.10694373E-20 1.10694373E-20 1.10694373E-20 7.81990300E-21 1.30215292E-17 3.43522661E-21 1.91636330E-21 1.91636330E-21 3.38251500E-22 1.15265383E-21 1.15265383E-21 2.27765409E-21 2.90426532E-21 0.00000000E+00 1.42736301E-21 7.52462187E-20 6.53527789E-21 1.97925527E-17
Skin       4.37794725E-22 3.97035355E-22 3.97035355E-22 4.26595511E-22 4.14819514E-22 4.39332815E-22 5.05182268E-22 4.63205244E-22 4.83697081E-21 4.60000891E-22 4.60000891E-22 5.60938010E-22 4.72385715E-22 4.72385715E-22 4.72834325E-22 4.72834325E-22 4.72834325E-22 5.13834021E-22 1.06533521E-17 4.56764495E-22 7.50715815E-22 7.50715815E-22 6.26819507E-22 5.61434685E-22 5.61434685E-22 5.38267213E-22 4.83600951E-22 0.00000000E+00 1.02159579E-20 3.71224292E-22 4.07113045E-22 2.00010773E-17
Adipose    1.20276991E-21 3.62524474E-21 3.62524474E-21 1.61899934E-21 2.32892374E-21 2.08587357E-21 2.53560451E-21 2.19386026E-21 4.71696780E-21 5.23799559E-21 5.23799559E-21 5.36649014E-21 2.63894489E-21 2.63894489E-21 2.92204948E-21 2.92204948E-21 2.92204948E-21 6.77640545E-21 3.51693761E-18 1.34959336E-21 1.85756342E-21 1.85756342E-21 4.88215219E-22 9.08770525E-22 9.08770525E-22 9.55586122E-22 3.24761174E-21 0.00000000E+00 3.86380882E-21 9.98572517E-21 1.94344008E-21 2.06957758E-17
Muscle     2.31899025E-21 1.06754622E-21 1.06754622E-21 6.31193449E-22 8.60352752E-22 8.54600938E-22 7.41343082E-22 1.45472818E-21 2.16662326E-22 1.68677141E-21 1.68677141E-21 4.28662319E-21 8.71664118E-22 8.71664118E-22 1.17014960E-21 1.17014960E-21 1.17014960E-21 1.33012692E-21 5.78802278E-18 7.54448886E-22 3.22550170E-21 3.22550170E-21 1.22048998E-21 1.37109457E-21 1.37109457E-21 1.34783097E-21 1.04926538E-21 0.00000000E+00 1.08273485E-22 1.98413536E-21 1.34835969E-21 2.04716440E-17
