  T/S       O-cavity       Oesophagus-s   Oesophagus-f   St-cont        SI-cont        RC-cont        LC-cont        RS-cont        ET1-sur        ET2-sur        ET2-seq        LN-ET          Bronchi        Bronchi-q      Brchiole       Brchiole-q     ALV            LN-Th          Blood          Liver          C-bone-S       C-bone-V       C-marrow       T-bone-S       T-bone-V       T-marrow       Kidneys        Ovaries        Testes         Ureters        UB-cont        Other          
O-mucosa   4.02338559E-15 1.06807493E-18 1.06807493E-18 2.51269338E-21 5.53119389E-22 2.95793823E-22 2.49378770E-22 9.41583100E-23 2.30264805E-17 2.48801987E-16 2.48801987E-16 5.25145387E-16 8.39957045E-19 8.39957045E-19 2.36208879E-20 2.36208879E-20 2.36208879E-20 7.39500579E-19 1.22348605E-13 3.87534449E-21 2.95377257E-18 2.95377257E-18 7.06575853E-22 1.73339474E-18 1.73339474E-18 7.59111220E-19 1.08041169E-21 8.37441628E-23 0.00000000E+00 4.22365766E-22 9.19248759E-23 3.42188775E-13
Oesophagus 9.68323425E-19 3.56612442E-15 3.55587050E-15 2.91772360E-18 2.28165954E-20 2.70639652E-21 2.33148722E-21 3.46983362E-22 1.27566894E-20 4.99590672E-17 4.99590672E-17 2.87414440E-17 3.24056216E-16 3.24056216E-16 9.97979712E-18 9.97979712E-18 9.97979712E-18 2.97235782E-16 7.78016902E-13 4.08250591E-18 1.31215050E-18 1.31215050E-18 3.77296541E-21 5.38811953E-19 5.38811953E-19 9.52445856E-19 6.36753001E-20 2.55899629E-22 0.00000000E+00 8.89864843E-21 2.82063171E-22 2.77280726E-13
St-stem    1.79443767E-21 8.83424093E-18 8.83424093E-18 2.26115168E-16 1.34964143E-17 3.44051379E-20 1.09246006E-19 3.24520847E-21 1.95257248E-21 1.34629288E-21 1.34629288E-21 2.18424720E-21 4.87510261E-20 4.87510261E-20 2.76311357E-18 2.76311357E-18 2.76311357E-18 2.82095214E-20 7.78016902E-13 1.10458854E-17 5.70038372E-20 5.70038372E-20 3.59977013E-21 1.22223635E-19 1.22223635E-19 2.20795942E-19 3.21717039E-18 2.17575567E-21 0.00000000E+00 4.17879671E-19 2.86789591E-21 2.77253274E-13
SI-stem    3.11655370E-22 1.70840079E-20 1.70840079E-20 4.37666551E-18 1.04160698E-16 9.86476085E-18 1.71577080E-17 1.46672849E-17 3.76783844E-22 2.34959182E-22 2.34959182E-22 3.66594002E-22 3.18064076E-21 3.18064076E-21 8.47455231E-21 8.47455231E-21 8.47455231E-21 2.53944973E-21 8.44891749E-13 1.73083126E-18 9.84152929E-20 9.84152929E-20 2.81774779E-21 2.10910513E-19 2.10910513E-19 5.60921988E-19 8.62307407E-18 1.51567498E-17 0.00000000E+00 4.25506031E-17 7.63805597E-18 2.71655923E-13
RC-stem    2.20155071E-22 2.88616072E-21 2.88616072E-21 1.93286571E-20 5.22726101E-18 3.39453132E-16 3.04365467E-18 4.67483055E-20 2.54041104E-22 1.58408791E-22 1.58408791E-22 2.35584031E-22 1.51142921E-21 1.51142921E-21 3.12889046E-21 3.12889046E-21 3.12889046E-21 1.35403139E-21 8.21195558E-13 6.79819505E-19 1.01738207E-19 1.01738207E-19 2.74308636E-21 8.51476694E-20 8.51476694E-20 1.04090202E-19 8.39957045E-18 5.04749680E-20 0.00000000E+00 3.85403554E-18 2.49458879E-19 2.73657450E-13
LC-stem    1.52945370E-22 2.46767223E-21 2.46767223E-21 6.44203122E-20 7.91427119E-18 3.27805309E-18 4.59167759E-16 6.92604874E-18 2.02290803E-22 1.12341411E-22 1.12341411E-22 1.62348543E-22 1.04918527E-21 1.04918527E-21 2.28037779E-21 2.28037779E-21 2.28037779E-21 8.30504204E-22 8.21195558E-13 1.32107462E-20 1.25078714E-19 1.25078714E-19 2.87798962E-21 9.45476389E-20 9.45476389E-20 1.12187602E-19 1.29952535E-19 6.15636315E-20 0.00000000E+00 3.35095212E-18 7.77151727E-19 2.73657541E-13
RS-stem    3.05855491E-23 3.07922299E-22 3.07922299E-22 1.92293222E-21 1.23042348E-17 3.99694968E-20 1.84250296E-18 4.44491823E-16 3.28910811E-23 2.84210087E-23 2.84210087E-23 3.97275682E-23 1.89313174E-22 1.89313174E-22 3.18929252E-22 3.18929252E-22 3.18913230E-22 1.57899299E-22 8.21195558E-13 1.60714323E-21 1.07193618E-19 1.07193618E-19 5.49370296E-21 2.07674116E-19 2.07674116E-19 6.85443145E-19 5.61338554E-21 1.16402928E-16 0.00000000E+00 2.17767828E-17 2.36609424E-17 2.73558522E-13
ET1-bas    2.05222786E-17 1.20704772E-20 1.20704772E-20 2.07786269E-21 4.31049562E-22 3.03452227E-22 2.60850354E-22 4.89689221E-23 1.33031918E-10 3.43843096E-17 3.43843096E-17 1.29965352E-19 1.23024724E-20 1.23024724E-20 8.45949185E-21 8.45949185E-21 8.45949185E-21 1.31513055E-20 1.22347003E-13 2.28662628E-21 2.70126956E-18 2.70126956E-18 5.03644179E-22 6.11710983E-19 6.11710983E-19 1.73788084E-19 6.76006325E-22 6.82238792E-23 0.00000000E+00 3.55747267E-22 5.27003912E-23 3.11180361E-13
ET2-bas    2.28614563E-16 4.95889644E-17 4.95889644E-17 1.42095430E-21 3.03083726E-22 1.84394492E-22 1.35624240E-22 5.00295630E-23 3.45285055E-17 3.39453132E-13 5.93766606E-09 8.09916236E-16 4.26515403E-17 4.26515403E-17 2.12320428E-20 2.12320428E-20 2.12320428E-20 6.46542300E-17 1.22348605E-13 2.22350053E-21 2.24673209E-18 2.24673209E-18 4.78522051E-22 9.03323125E-19 9.03323125E-19 4.95489100E-19 6.50820111E-22 4.32940130E-23 0.00000000E+00 2.31546546E-22 3.96570724E-23 3.11180385E-13
LN-ET      5.30929244E-16 3.11655370E-17 3.11655370E-17 2.62612748E-21 4.01970059E-22 1.85836451E-22 2.23808033E-22 5.70198590E-23 1.44407371E-19 8.92957043E-16 8.92957043E-16 1.32346187E-09 5.72730029E-17 5.72730029E-17 5.48024467E-20 5.48024467E-20 5.48024467E-20 7.83079780E-17 2.22622423E-13 3.78546239E-21 9.43121189E-19 9.43121189E-19 6.38595504E-22 3.84922901E-19 3.84922901E-19 3.07762081E-19 9.06655652E-22 4.96979125E-23 0.00000000E+00 2.34126050E-22 6.57004512E-23 3.79106209E-18
Bronch-bas 2.04069219E-20 1.48760485E-16 1.48760485E-16 8.42103962E-20 5.91699798E-21 1.93687116E-21 1.52463115E-21 2.88696181E-22 5.66305301E-21 6.32555299E-20 6.32555299E-20 7.42400519E-20 1.72249994E-11 5.78321625E-09 1.77985786E-15 8.09259344E-17 7.71015391E-17 1.25070703E-15 6.69469445E-13 3.61386928E-19 4.01297145E-19 4.01297145E-19 6.45725190E-21 2.11503318E-19 2.11503318E-19 4.42617276E-19 2.07850356E-20 2.90602771E-22 0.00000000E+00 4.43306212E-21 2.69726412E-22 3.45042836E-13
Bronch-sec 2.04069219E-20 1.48760485E-16 1.48760485E-16 8.42103962E-20 5.91699798E-21 1.93687116E-21 1.52463115E-21 2.88696181E-22 5.66305301E-21 6.32555299E-20 6.32555299E-20 7.42400519E-20 3.63790193E-09 1.10612662E-09 1.77985786E-15 8.09259344E-17 7.70999369E-17 1.25070703E-15 6.69469445E-13 3.61386928E-19 4.01297145E-19 4.01297145E-19 6.45725190E-21 2.11503318E-19 2.11503318E-19 4.42617276E-19 2.07850356E-20 2.90602771E-22 0.00000000E+00 4.43306212E-21 2.69726412E-22 3.22760005E-13
Bchiol-sec 2.00400235E-20 1.03641593E-17 1.03641593E-17 1.45737178E-18 1.12543285E-20 3.07169276E-21 2.31546546E-21 4.31482150E-22 1.36971670E-20 2.28486389E-20 2.28486389E-20 4.58911411E-20 6.15700402E-17 6.15700402E-17 2.08074660E-09 9.87020825E-10 6.23663219E-13 4.07000893E-17 6.69469445E-13 3.85243336E-18 9.05854564E-19 9.05854564E-19 9.45812846E-21 1.20595824E-18 1.20595824E-18 2.25762689E-18 4.13521751E-20 3.29872117E-22 0.00000000E+00 6.81533834E-21 3.25081609E-22 1.22704748E-13
AI         2.22446183E-20 1.03949210E-17 1.03949210E-17 1.46671247E-18 1.24556404E-20 3.59384208E-21 2.71120305E-21 5.62139642E-22 1.47417861E-20 2.52278710E-20 2.52278710E-20 4.96370297E-20 6.16116968E-17 6.16116968E-17 1.78001808E-15 1.78001808E-15 1.86685604E-11 4.07401437E-17 2.29880282E-12 3.86541099E-18 9.10821311E-19 9.10821311E-19 1.04354561E-20 1.20993164E-18 1.20993164E-18 2.26387538E-18 4.44587953E-20 4.43738800E-22 0.00000000E+00 7.77744532E-21 4.26579490E-22 1.50485659E-13
LN-Th      6.96562249E-19 3.25578284E-16 3.25578284E-16 3.74636928E-20 3.15564681E-21 1.41223846E-21 8.73250272E-22 1.82199510E-22 1.49261966E-20 7.16172890E-17 7.16172890E-17 7.83832803E-17 2.03620610E-15 2.03620610E-15 3.82824050E-17 3.82824050E-17 3.82824050E-17 1.32346187E-09 2.22654466E-13 1.24740655E-19 4.89657178E-19 4.89657178E-19 3.94551982E-21 3.09043823E-19 3.09043823E-19 5.69349436E-19 9.15451601E-21 1.68564988E-22 0.00000000E+00 2.24368795E-21 1.83000598E-22 3.76942698E-18
R-marrow   7.40622103E-19 1.71593102E-18 1.71593102E-18 1.99150537E-19 3.81558330E-19 1.15315050E-19 1.14411423E-19 8.17254204E-19 2.18825265E-19 7.57252695E-19 7.57252695E-19 3.86204642E-19 8.97058615E-19 8.97058615E-19 3.96009962E-18 3.96009962E-18 3.96009962E-18 8.12623914E-19 6.31658080E-13 1.11684519E-18 1.85612146E-17 2.94175625E-18 2.21516921E-19 2.56059846E-12 2.48641769E-13 4.79227009E-12 5.42384806E-19 2.25041709E-19 0.00000000E+00 2.58158697E-18 3.76287170E-19 2.38189792E-13
Endost-BS  9.91522941E-19 6.59567994E-19 6.59567994E-19 8.10172584E-20 1.58517739E-19 5.96249980E-20 6.19465517E-20 3.39437111E-19 4.17415040E-19 7.71095500E-19 7.71095500E-19 2.37058033E-19 3.44564075E-19 3.44564075E-19 1.47134276E-18 1.47134276E-18 1.47134276E-18 3.15516616E-19 2.39621515E-13 4.22077374E-19 2.88856399E-12 3.28846724E-18 3.91828282E-13 1.92565592E-11 1.79379679E-12 5.45076463E-12 2.11262992E-19 1.37880104E-19 0.00000000E+00 1.00770492E-18 2.07321637E-19 2.28892067E-13
Brain      1.44351295E-19 6.77848828E-21 6.77848828E-21 3.65696783E-22 9.77920462E-23 6.42328575E-23 5.17102461E-23 2.43178347E-23 2.72642373E-19 1.19421429E-18 1.19421429E-18 6.57469143E-20 6.41094900E-21 6.41094900E-21 2.27220669E-21 2.27220669E-21 2.27220669E-21 7.31858197E-21 1.49452625E-13 4.62628461E-22 1.35191652E-18 1.35191652E-18 1.47135878E-22 1.66209789E-18 1.66209789E-18 5.98925614E-19 1.85628168E-22 2.22782641E-23 0.00000000E+00 8.31593684E-23 2.08987901E-23 3.29697685E-13
Eye-lens   1.05411998E-18 7.13144776E-21 7.13144776E-21 6.51781417E-22 2.16486087E-22 1.07896973E-22 1.22630588E-22 3.63453736E-23 3.75838560E-17 2.80252711E-18 2.80252711E-18 5.77055905E-20 6.94671681E-21 6.94671681E-21 3.62380278E-21 3.62380278E-21 3.62380278E-21 6.20154453E-21 1.05436030E-17 2.08363052E-21 5.68708566E-19 5.68708566E-19 3.07617886E-22 3.10277498E-19 3.10277498E-19 1.13893920E-19 5.01417153E-22 4.61859416E-23 0.00000000E+00 2.46206461E-22 3.69862442E-23 3.42211450E-13
P-gland    5.75181359E-19 1.51416893E-20 1.51416893E-20 4.68572535E-22 1.02909398E-22 6.75749977E-23 9.76798939E-23 2.57597936E-23 2.24048360E-19 4.79851858E-18 4.79851858E-18 2.26804103E-19 1.78770852E-20 1.78770852E-20 3.48136929E-21 3.48136929E-21 3.48217038E-21 1.79043222E-20 1.22348605E-13 6.79434983E-22 4.25233661E-18 4.25233661E-18 1.02133945E-22 3.26844003E-18 3.26844003E-18 8.57340660E-19 2.94640256E-22 3.09043823E-23 0.00000000E+00 9.45812846E-23 2.22654466E-23 3.32228060E-13
Tongue     2.27685301E-14 1.16253926E-18 1.16253926E-18 1.93735181E-21 4.12143880E-22 2.05270852E-22 1.78434395E-22 6.09836436E-23 2.24192556E-18 2.27124539E-16 2.27124539E-16 3.26411416E-16 8.09451605E-19 8.09451605E-19 1.97516317E-20 1.97516317E-20 1.97516317E-20 6.86484559E-19 1.22348605E-13 2.92749688E-21 1.40406736E-18 1.40406736E-18 5.97451612E-22 1.09643346E-18 1.09643346E-18 5.11302582E-19 8.14226091E-22 5.20931663E-23 0.00000000E+00 2.99190437E-22 5.06175618E-23 1.12209918E-17
Tonsils    5.98156570E-16 2.34430464E-19 2.34430464E-19 1.31272728E-21 3.63774171E-22 1.57445883E-22 1.22154742E-22 4.29447386E-23 6.27043812E-19 3.50796542E-16 3.50796542E-16 2.47920790E-17 1.77008458E-19 1.77008458E-19 1.23514990E-20 1.23514990E-20 1.23514990E-20 1.28952777E-19 1.22348605E-13 1.62797153E-21 1.69766621E-18 1.69766621E-18 4.31850650E-22 7.72249067E-19 7.72249067E-19 3.52270544E-19 5.10918060E-22 4.81486078E-23 0.00000000E+00 2.51397513E-22 3.81574352E-23 3.31915289E-13
S-glands   8.62483646E-17 7.17134196E-19 7.17134196E-19 1.63197697E-21 2.98309240E-22 1.70471578E-22 1.39507915E-22 4.97171386E-23 1.26387692E-19 3.57557727E-17 3.57557727E-17 1.44069312E-16 6.08474586E-19 6.08474586E-19 2.21164442E-20 2.21164442E-20 2.21164442E-20 8.36704627E-19 1.22348605E-13 2.32587961E-21 1.44469856E-18 1.44469856E-18 6.02049859E-22 7.17983349E-19 7.17983349E-19 3.38988501E-19 6.50836133E-22 5.02875134E-23 0.00000000E+00 2.31210089E-22 4.23006636E-23 3.32005711E-13
Thyroid    6.21596412E-19 1.48678774E-16 1.48678774E-16 6.28902336E-21 9.53551358E-22 4.73779609E-22 3.08995757E-22 9.31761758E-23 2.97347934E-20 7.45076154E-18 7.45076154E-18 1.11259942E-17 3.69830398E-16 3.69830398E-16 1.27741531E-18 1.27741531E-18 1.27741531E-18 6.29158685E-16 5.18063767E-13 1.11779047E-20 2.74677137E-19 2.74677137E-19 1.80148724E-21 1.95097031E-19 1.95097031E-19 2.48305312E-19 2.38836449E-21 7.71079478E-23 0.00000000E+00 8.03699791E-22 8.38611217E-23 2.98968658E-13
Breast     1.46081646E-19 7.51580990E-20 7.51580990E-20 5.85210984E-20 5.18832812E-21 1.97900840E-21 1.48425630E-21 2.81390256E-22 6.33580692E-19 3.60794123E-20 3.60794123E-20 2.68957367E-19 1.88464020E-19 1.88464020E-19 1.93414746E-18 1.93414746E-18 1.93414746E-18 1.66450115E-19 1.22348605E-13 1.53924299E-19 1.77633307E-20 1.77633307E-20 3.13497873E-21 1.29641713E-19 1.29641713E-19 2.35087356E-19 9.58053474E-21 2.39461298E-22 0.00000000E+00 3.32932274E-21 2.59184090E-22 3.31949466E-13
Thymus     1.32102656E-19 1.89649631E-17 1.89649631E-17 1.58766077E-20 2.24865470E-21 1.00506133E-21 6.31369688E-22 1.63710393E-22 2.60001200E-20 2.42617585E-19 2.42617585E-19 3.68869093E-19 6.96706445E-17 6.96706445E-17 1.56069614E-17 1.56069614E-17 1.56069614E-17 7.35719443E-17 1.22348605E-13 3.43378465E-20 8.21532015E-19 8.21532015E-19 3.20867885E-21 1.72762691E-18 1.72762691E-18 3.47928646E-18 5.34614250E-21 1.40744796E-22 0.00000000E+00 1.61739716E-21 1.40212873E-22 3.32012489E-13
Ht-wall    1.61323150E-20 6.14947379E-17 6.14947379E-17 7.46293808E-18 1.89553500E-20 3.40943156E-21 3.66337654E-21 4.88647807E-22 1.29651326E-20 1.40129560E-20 1.40129560E-20 2.57069217E-20 6.82655358E-17 6.82655358E-17 2.83521151E-17 2.83521151E-17 2.83521151E-17 6.68556204E-17 5.77392362E-13 2.95921997E-18 1.14336121E-19 1.14336121E-19 5.54577369E-21 5.05390551E-19 5.05390551E-19 1.11066078E-18 4.31065584E-20 3.73050773E-22 0.00000000E+00 9.60568891E-21 3.83336746E-22 2.93961527E-13
Adrenals   1.50351446E-21 1.04750299E-18 1.04750299E-18 5.70759352E-18 5.04365158E-18 4.49891158E-20 1.81414444E-20 2.68492736E-21 1.09388600E-21 1.21608400E-21 1.21608400E-21 1.91396003E-21 3.16125443E-20 3.16125443E-20 1.49771458E-19 1.49771458E-19 1.49771458E-19 2.59071938E-20 6.52149917E-13 2.06969159E-17 1.05439235E-18 1.05439235E-18 2.81374235E-21 5.96474284E-19 5.96474284E-19 7.78545620E-19 7.47191026E-17 1.84939232E-21 0.00000000E+00 2.82191345E-18 1.88736390E-21 2.87743892E-13
Liver      3.16493943E-21 4.40486382E-18 4.40486382E-18 5.19585835E-18 1.23734488E-18 5.11222473E-19 1.35483248E-20 1.93639050E-21 3.10902347E-21 2.35007247E-21 2.35007247E-21 4.10942247E-21 2.14980041E-19 2.14980041E-19 4.06952828E-18 4.06952828E-18 4.06952828E-18 1.19903684E-19 9.28413209E-13 9.28413209E-12 1.32387843E-19 1.32387843E-19 5.30592787E-21 3.69189528E-19 3.69189528E-19 6.76711283E-19 5.36632993E-18 1.53201718E-21 0.00000000E+00 2.73924114E-19 1.70375448E-21 5.36767711E-19
Pancreas   9.67890838E-22 5.06175618E-20 5.06175618E-20 1.71256645E-17 3.84057726E-17 2.00127865E-18 9.71639931E-20 5.76703426E-21 1.06398938E-21 7.05438307E-22 7.05438307E-22 1.07299362E-21 1.05663539E-20 1.05663539E-20 2.71200414E-20 2.71200414E-20 2.71200414E-20 8.75108797E-21 6.97363338E-13 4.41720057E-18 1.05434428E-19 1.05434428E-19 2.09212206E-21 9.34277175E-20 9.34277175E-20 8.42648702E-20 2.18216438E-17 4.10685899E-21 0.00000000E+00 2.46542918E-17 5.31473984E-21 2.84008250E-13
Kidneys    7.69989998E-22 6.88343084E-20 6.88343084E-20 2.03812871E-18 6.72305297E-18 4.12977011E-18 1.21994524E-19 7.01000278E-21 6.09035348E-22 6.35535347E-22 6.35535347E-22 1.02361454E-21 1.21568345E-20 1.21568345E-20 4.09019635E-20 4.09019635E-20 4.09019635E-20 9.31441322E-21 9.41342773E-13 5.34438011E-18 1.42941380E-19 1.42941380E-19 4.08250591E-21 2.19994853E-19 2.19994853E-19 3.27372722E-19 4.70671387E-11 4.80396598E-21 0.00000000E+00 2.12592798E-17 5.09812558E-21 1.16791300E-18
Spleen     2.11327079E-21 6.78489699E-19 6.78489699E-19 2.35551987E-17 1.12663448E-18 6.78858199E-21 2.17351262E-20 1.84875145E-21 1.43942740E-21 2.03123935E-21 2.03123935E-21 3.17391162E-21 1.13235425E-19 1.13235425E-19 7.07953724E-18 7.07953724E-18 7.07953724E-18 5.41519631E-20 1.25540141E-12 1.56122486E-19 1.17280921E-19 1.17280921E-19 8.95248156E-21 4.89833417E-19 4.89833417E-19 8.85442836E-19 9.10436789E-18 1.16372487E-21 0.00000000E+00 5.42208567E-20 1.17817650E-21 2.37386070E-13
GB-wall    1.77857612E-21 1.33044735E-19 1.33044735E-19 1.70359426E-18 8.30247856E-18 1.00868225E-19 2.75109725E-20 2.92525383E-21 1.45229288E-21 1.21755800E-21 1.21755800E-21 1.79555919E-21 2.17912024E-20 2.17912024E-20 6.17462796E-20 6.17462796E-20 6.17462796E-20 1.83369099E-20 1.22348605E-13 5.39484867E-17 5.37321928E-19 5.37321928E-19 2.18424720E-21 2.35840379E-19 2.35840379E-19 2.98325262E-19 1.72778712E-17 2.25490319E-21 0.00000000E+00 1.83881795E-17 2.62212204E-21 3.31796001E-13
Ureters    2.78169882E-22 9.28044708E-21 9.28044708E-21 1.94247877E-19 1.11977717E-17 2.58623329E-18 2.16598239E-18 1.15999180E-17 2.13281734E-22 1.86108821E-22 1.86108821E-22 2.93118188E-22 2.83985782E-21 2.83985782E-21 6.00415639E-21 6.00415639E-21 6.00543813E-21 2.22910815E-21 1.22348605E-13 2.67996061E-19 1.04585275E-18 1.04585275E-18 2.34574659E-21 8.95937092E-19 8.95937092E-19 1.46414898E-18 1.95898119E-17 2.16181673E-18 0.00000000E+00 1.08685244E-09 6.94239094E-18 3.38591997E-18
UB-wall    3.29567703E-23 2.56364260E-22 2.56364260E-22 1.83753621E-21 7.11750883E-18 1.40997940E-19 4.27268426E-19 3.08563170E-17 4.24144181E-23 2.58238806E-23 2.58238806E-23 3.31554402E-23 1.44546760E-22 1.44546760E-22 2.62500596E-22 2.62500596E-22 2.62500596E-22 1.41505830E-22 8.23390540E-14 1.47565261E-21 7.13913821E-19 7.13913821E-19 5.15756633E-21 7.01000278E-19 7.01000278E-19 9.23975180E-19 4.52502705E-21 2.29607912E-17 0.00000000E+00 3.56436203E-17 1.82215532E-13 3.35373539E-13
Ovaries    3.04365467E-23 2.77000293E-22 2.77000293E-22 1.61210998E-21 1.16889990E-17 4.99013889E-20 5.14987588E-20 2.87286266E-17 4.37169876E-23 2.26932278E-23 2.26932278E-23 3.11238804E-23 1.77264807E-22 1.77264807E-22 3.04012988E-22 3.04012988E-22 3.04029010E-22 1.65697092E-22 5.31842485E-13 1.40728774E-21 2.29639956E-19 2.29639956E-19 6.33724888E-21 1.40153593E-19 1.40153593E-19 1.99342799E-19 5.04941942E-21 1.42042559E-09 0.00000000E+00 2.38948601E-18 7.22036856E-18 3.10244663E-18
Testes     0.00000000E+00 0.00000000E+00 0.00000000E+00 0.00000000E+00 0.00000000E+00 0.00000000E+00 0.00000000E+00 0.00000000E+00 0.00000000E+00 0.00000000E+00 0.00000000E+00 0.00000000E+00 0.00000000E+00 0.00000000E+00 0.00000000E+00 0.00000000E+00 0.00000000E+00 0.00000000E+00 0.00000000E+00 0.00000000E+00 0.00000000E+00 0.00000000E+00 0.00000000E+00 0.00000000E+00 0.00000000E+00 0.00000000E+00 0.00000000E+00 0.00000000E+00 0.00000000E+00 0.00000000E+00 0.00000000E+00 0.00000000E+00
Prostate   0.00000000E+00 0.00000000E+00 0.00000000E+00 0.00000000E+00 0.00000000E+00 0.00000000E+00 0.00000000E+00 0.00000000E+00 0.00000000E+00 0.00000000E+00 0.00000000E+00 0.00000000E+00 0.00000000E+00 0.00000000E+00 0.00000000E+00 0.00000000E+00 0.00000000E+00 0.00000000E+00 0.00000000E+00 0.00000000E+00 0.00000000E+00 0.00000000E+00 0.00000000E+00 0.00000000E+00 0.00000000E+00 0.00000000E+00 0.00000000E+00 0.00000000E+00 0.00000000E+00 0.00000000E+00 0.00000000E+00 0.00000000E+00
Uterus     3.11831610E-23 2.47696485E-22 2.47696485E-22 1.68933489E-21 1.40810485E-17 4.34013589E-20 7.13016602E-20 6.07817694E-17 3.09540497E-23 2.92717644E-23 2.92717644E-23 3.26155067E-23 1.52163507E-22 1.52163507E-22 2.76551683E-22 2.76551683E-22 2.76551683E-22 1.46978864E-22 1.22348605E-13 1.37990654E-21 2.51910209E-19 2.51910209E-19 6.05110016E-21 2.24032338E-19 2.24032338E-19 3.13321634E-19 4.65240008E-21 2.55338867E-16 0.00000000E+00 2.78650535E-18 5.11222473E-17 3.32083890E-13
LN-Sys     1.93350658E-19 3.28542310E-17 3.28542310E-17 4.96129971E-18 1.65296548E-17 8.85346705E-18 1.14481919E-17 1.10410788E-17 3.20996059E-20 1.34020461E-18 1.34020461E-18 1.63710393E-18 3.11447087E-17 3.11447087E-17 6.45036254E-18 6.45036254E-18 6.45036254E-18 2.59632700E-17 2.22654466E-13 1.92741831E-18 5.32499377E-19 5.32499377E-19 1.94215834E-20 4.82751797E-19 4.82751797E-19 8.69421071E-19 9.47943740E-18 1.78402352E-17 0.00000000E+00 3.32243338E-17 2.94111538E-18 3.23789883E-13
Skin       3.78482152E-19 5.68804696E-20 5.68804696E-20 5.81638130E-20 4.55338558E-20 1.09768315E-19 9.38010246E-20 4.40806817E-20 2.83056520E-18 9.34886002E-20 9.34886002E-20 3.75998778E-19 1.77953742E-19 1.77953742E-19 1.25431193E-19 1.25431193E-19 1.25431193E-19 1.71737298E-19 2.08026595E-13 1.07911393E-19 2.56973087E-19 2.56973087E-19 6.02915034E-20 1.44798302E-19 1.44798302E-19 1.31758188E-19 4.20443154E-20 1.79956463E-20 0.00000000E+00 1.31432946E-20 1.86557430E-19 3.24832368E-13
Adipose    6.42296532E-19 6.59920473E-19 6.59920473E-19 2.61347029E-19 7.52926818E-19 5.36777188E-19 6.56123315E-19 9.75661394E-19 3.61370907E-18 2.05174721E-18 2.05174721E-18 1.25782069E-18 1.57242407E-18 1.57242407E-18 6.64534742E-19 6.64534742E-19 6.64534742E-19 2.06840984E-18 6.56523859E-14 2.14739715E-19 2.33132701E-19 2.33132701E-19 4.14771449E-20 1.73211300E-19 1.73211300E-19 2.29015107E-19 7.28028996E-19 2.41287779E-18 0.00000000E+00 2.71136327E-18 4.25714314E-19 3.36738463E-13
Muscle     1.68276596E-18 1.07598969E-18 1.07598969E-18 1.99855495E-19 3.50732455E-19 9.67922881E-19 8.86644468E-19 5.75469751E-19 5.55714915E-19 1.92966136E-18 1.92966136E-18 4.25409901E-18 1.04449090E-18 1.04449090E-18 9.83528080E-19 9.83528080E-19 9.83528080E-19 1.13256254E-18 9.84040777E-14 4.75542003E-19 9.32931347E-19 9.32931347E-19 2.00223996E-19 4.72433781E-19 4.72433781E-19 6.61234258E-19 9.72617258E-19 1.21082886E-18 0.00000000E+00 2.12720972E-18 3.46823144E-19 3.33992290E-13
