  T/S       O-cavity       Oesophagus-s   Oesophagus-f   St-cont        SI-cont        RC-cont        LC-cont        RS-cont        ET1-sur        ET2-sur        ET2-seq        LN-ET          Bronchi        Bronchi-q      Brchiole       Brchiole-q     ALV            LN-Th          Blood          Liver          Kidneys        C-bone-S       C-bone-V       T-bone-S       T-bone-V       UB-cont        Other          
O-mucosa   1.58077141E-15 1.61114868E-17 1.61114868E-17 7.03307412E-19 1.55890170E-19 8.30696465E-20 6.62772347E-20 9.69060426E-21 1.19357342E-16 2.78922905E-16 2.78922905E-16 4.34350046E-16 1.55183610E-17 1.55183610E-17 3.97900531E-18 3.97900531E-18 3.97900531E-18 1.80741529E-17 1.13403654E-13 9.41438904E-19 2.83601260E-19 1.38846217E-17 1.38846217E-17 1.26669675E-17 1.26669675E-17 8.53751785E-21 3.16994415E-13
Oesophagus 1.63614263E-17 4.06552284E-14 1.84538688E-15 2.08955857E-17 2.67130886E-18 9.19344890E-19 8.15924398E-19 1.35167619E-19 3.59528404E-18 5.08018120E-17 5.08018120E-17 5.45028397E-17 2.42970064E-16 2.42970064E-16 4.30376648E-17 4.30376648E-17 4.30376648E-17 2.40326473E-16 7.21123615E-13 1.91860634E-17 6.59391755E-18 9.93125117E-18 9.93125117E-18 8.12623914E-18 8.12623914E-18 1.03816230E-19 2.56867180E-13
St-stem    6.53351550E-19 1.92229135E-17 1.92229135E-17 7.46678330E-16 4.27604883E-17 6.43626338E-18 1.13954803E-17 1.17502021E-18 5.40974891E-19 5.15916851E-19 5.15916851E-19 7.59335524E-19 5.47559836E-18 5.47559836E-18 1.25737209E-17 1.25737209E-17 1.25737209E-17 4.38691944E-18 7.21123615E-13 3.60665949E-17 3.85131184E-17 3.08787474E-18 3.08787474E-18 3.93286262E-18 3.93286262E-18 1.00703201E-18 2.56843877E-13
SI-stem    1.35994342E-19 2.09628772E-18 2.09628772E-18 2.27348844E-17 1.58881434E-16 4.09356092E-17 5.47111227E-17 4.34958873E-17 1.29548786E-19 1.02399906E-19 1.02399906E-19 1.51215019E-19 9.44867561E-19 9.44867561E-19 1.85435907E-18 1.85435907E-18 1.85435907E-18 7.98284435E-19 7.83095802E-13 1.16598394E-17 3.13113351E-17 4.29319211E-18 4.29319211E-18 7.03339456E-18 7.03339456E-18 3.77937412E-17 2.51656928E-13
RC-stem    9.35238481E-20 9.77455831E-19 9.77455831E-19 4.48481242E-18 3.18496664E-17 2.82383606E-16 2.01665954E-17 9.20081891E-18 9.07280501E-20 6.84001186E-20 6.84001186E-20 9.78737572E-20 5.52718844E-19 5.52718844E-19 1.05484096E-18 1.05484096E-18 1.05484096E-18 4.69277493E-19 7.61145984E-13 9.77600027E-18 2.73860027E-17 3.87854884E-18 3.87854884E-18 5.92324647E-18 5.92324647E-18 1.42055376E-17 2.53515191E-13
LC-stem    6.59952517E-20 7.87790179E-19 7.87790179E-19 8.40934373E-18 4.12736685E-17 1.99855495E-17 3.40494547E-16 2.22430162E-17 7.74556201E-20 4.79867880E-20 4.79867880E-20 6.78890243E-20 4.06376044E-19 4.06376044E-19 7.90273552E-19 7.90273552E-19 7.90273552E-19 3.34358211E-19 7.61145984E-13 3.42481246E-18 1.19847608E-17 3.99390555E-18 3.99390555E-18 5.85066788E-18 5.85066788E-18 1.89313174E-17 2.53515572E-13
RS-stem    1.08497790E-20 1.16665685E-19 1.16665685E-19 7.76767204E-19 3.97660204E-17 8.48416537E-18 1.44267982E-17 3.36136627E-16 1.30502081E-20 8.98116052E-21 8.98116052E-21 1.27600540E-20 7.46758439E-20 7.46758439E-20 1.39443828E-19 1.39443828E-19 1.39456646E-19 6.07481237E-20 7.61145984E-13 6.47647801E-19 1.96346728E-18 4.89721265E-18 4.89721265E-18 6.06215517E-18 6.06215517E-18 8.51572825E-17 2.53422959E-13
ET1-bas    1.18346368E-16 3.25706458E-18 3.25706458E-18 4.51925922E-19 1.41871126E-19 1.10977959E-19 5.06656270E-20 6.39989398E-21 2.04774177E-12 8.18327663E-17 8.18327663E-17 2.63686206E-17 3.61402950E-18 3.61402950E-18 1.74493041E-18 1.74493041E-18 1.74493041E-18 3.78386021E-18 1.13398847E-13 5.99326158E-19 2.10285664E-19 1.05666744E-17 1.05666744E-17 7.62684073E-18 7.62684073E-18 2.19097635E-20 2.92037459E-13
ET2-bas    2.77480946E-16 5.03980636E-17 5.03980636E-17 5.46742726E-19 1.19349331E-19 6.15363945E-20 4.55226405E-20 1.01869585E-20 8.21676211E-17 6.48689216E-14 5.57076765E-09 5.70567091E-16 4.78778400E-17 4.78778400E-17 4.28726406E-18 4.28726406E-18 4.28726406E-18 6.49458261E-17 1.13400450E-13 7.54272647E-19 2.69950716E-19 1.34890443E-17 1.34890443E-17 1.33839415E-17 1.33839415E-17 9.55473970E-21 2.92039570E-13
LN-ET      4.35952222E-16 5.49658687E-17 5.49658687E-17 9.53246944E-19 1.57924934E-19 1.00757675E-19 3.99198294E-20 2.42136932E-20 2.69021454E-17 5.80196171E-16 5.80196171E-16 1.22665836E-09 6.07256932E-17 6.07256932E-17 6.76759348E-18 6.76759348E-18 6.76759348E-18 7.83400215E-17 2.06360332E-13 1.08653201E-18 3.42353072E-19 9.55217622E-18 9.55217622E-18 9.29150210E-18 9.29150210E-18 1.46523846E-20 6.55932777E-18
Bronch-bas 4.10878160E-18 1.47446700E-16 1.47446700E-16 1.02289356E-17 1.66193767E-18 7.92628752E-19 5.83480633E-19 1.07483612E-19 1.75518434E-18 4.83825256E-18 4.83825256E-18 7.15451910E-18 7.15019323E-13 4.86228520E-09 7.30672587E-16 1.05577022E-16 8.14162004E-17 7.07601245E-16 6.20506932E-13 1.25825328E-17 4.51685595E-18 7.26522950E-18 7.26522950E-18 5.72521746E-18 5.72521746E-18 1.04035728E-19 3.20511160E-13
Bronch-sec 4.10878160E-18 1.47446700E-16 1.47446700E-16 1.02289356E-17 1.66193767E-18 7.92628752E-19 5.83480633E-19 1.07483612E-19 1.75518434E-18 4.83825256E-18 4.83825256E-18 7.15451910E-18 2.61427137E-09 6.09275674E-10 7.30672587E-16 1.05577022E-16 8.14162004E-17 7.07601245E-16 6.20506932E-13 1.25825328E-17 4.51685595E-18 7.26522950E-18 7.26522950E-18 5.72521746E-18 5.72521746E-18 1.04035728E-19 3.04157150E-13
Bchiol-sec 4.10109115E-18 4.42633298E-17 4.42633298E-17 1.55737963E-17 2.36160814E-18 1.03176961E-18 8.05045619E-19 1.59695339E-19 1.89104891E-18 4.32427434E-18 4.32427434E-18 6.66104874E-18 7.68371800E-17 7.68371800E-17 1.97163838E-09 9.32066171E-10 2.86853678E-13 6.12656267E-17 6.20506932E-13 1.92389353E-17 6.05013885E-18 7.03371500E-18 7.03371500E-18 5.53295628E-18 5.53295628E-18 1.21166199E-19 1.11726160E-13
AI         4.10109115E-18 4.42633298E-17 4.42633298E-17 1.55737963E-17 2.36160814E-18 1.03176961E-18 8.05045619E-19 1.59695339E-19 1.89104891E-18 4.32427434E-18 4.32427434E-18 6.66104874E-18 7.68371800E-17 7.68371800E-17 7.30672587E-16 7.30672587E-16 1.73035061E-11 6.12656267E-17 2.13057429E-12 1.92389353E-17 6.05013885E-18 7.03371500E-18 7.03371500E-18 5.53295628E-18 5.53295628E-18 1.21166199E-19 1.39411554E-13
LN-Th      1.83369099E-17 2.44315893E-16 2.44315893E-16 5.47031118E-18 9.86892651E-19 5.41824044E-19 3.23879977E-19 7.84041086E-20 4.06824654E-18 6.63092783E-17 6.63092783E-17 7.83015693E-17 1.16124150E-15 1.16124150E-15 6.02947077E-17 6.02947077E-17 6.02947077E-17 1.22665836E-09 2.06376353E-13 7.72313154E-18 2.47135723E-18 8.15892354E-18 8.15892354E-18 6.64230328E-18 6.64230328E-18 5.38619691E-20 7.18432946E-18
R-marrow   9.47366957E-18 2.27733366E-17 2.27733366E-17 9.25737574E-18 1.29358127E-17 1.10944313E-17 1.07746369E-17 1.52892498E-17 4.28470058E-18 1.26354046E-17 1.26354046E-17 1.12294948E-17 1.77312872E-17 1.77312872E-17 1.58264596E-17 1.58264596E-17 1.58264596E-17 1.73916258E-17 5.85483354E-13 1.18956798E-17 1.31753381E-17 2.01073149E-17 1.38868647E-17 2.37330403E-12 2.05639352E-13 1.16335637E-17 2.20401468E-13
Endost-BS  9.86556194E-18 9.89343981E-18 9.89343981E-18 4.15011775E-18 6.79226700E-18 5.95384804E-18 6.01489097E-18 9.50939810E-18 6.61666846E-18 1.25596217E-17 1.25596217E-17 8.47471253E-18 7.87165330E-18 7.87165330E-18 6.70494838E-18 6.70494838E-18 6.70494838E-18 7.87325547E-18 2.22109726E-13 5.10277189E-18 5.89232447E-18 2.67723691E-12 1.62957370E-17 1.78834939E-11 1.47252837E-12 8.23214301E-18 2.15376129E-13
Brain      1.98749993E-17 2.11759666E-18 2.11759666E-18 1.37604530E-19 2.82896302E-20 1.64527503E-20 1.15896641E-20 2.26387538E-21 2.13650235E-17 3.41215526E-17 3.41215526E-17 1.33136060E-17 2.05431069E-18 2.05431069E-18 8.40982438E-19 8.40982438E-19 8.40982438E-19 2.31866981E-18 1.38524179E-13 1.82295641E-19 6.26434985E-20 1.01635668E-17 1.01635668E-17 1.53260998E-17 1.53260998E-17 1.75069825E-21 3.05427514E-13
Eye-lens   4.39220662E-17 2.22542314E-18 2.22542314E-18 3.65376348E-19 3.50732455E-20 1.50758399E-22 1.30744010E-20 0.00000000E+00 1.84282340E-16 4.41399622E-17 4.41399622E-17 1.56218616E-17 2.16454043E-18 2.16454043E-18 1.48936724E-18 1.48936724E-18 1.48936724E-18 2.11935906E-18 4.61506937E-18 5.59576160E-19 1.87358518E-19 7.86123915E-18 7.86123915E-18 6.84722165E-18 6.84722165E-18 0.00000000E+00 3.17012860E-13
P-gland    6.44363340E-17 4.66473684E-18 4.66473684E-18 1.67667769E-19 3.86332816E-20 5.20739402E-21 1.32745128E-20 0.00000000E+00 3.73931970E-17 1.51714898E-16 1.51714898E-16 3.96426528E-17 4.56155668E-18 4.56155668E-18 1.62108217E-18 1.62108217E-18 1.62124239E-18 5.84874527E-18 1.13400450E-13 3.73659600E-19 1.16011997E-19 2.06536571E-17 2.06536571E-17 2.10814382E-17 2.10814382E-17 0.00000000E+00 3.07754788E-13
Tongue     9.13288663E-15 1.82968555E-17 1.82968555E-17 7.03483652E-19 1.46953230E-19 7.66881776E-20 6.33084017E-20 9.81637512E-21 8.98468530E-17 2.95489409E-16 2.95489409E-16 3.85387532E-16 1.72778712E-17 1.72778712E-17 4.24544726E-18 4.24544726E-18 4.24544726E-18 1.99903560E-17 1.13403654E-13 9.57636908E-19 2.97331912E-19 1.17817650E-17 1.17817650E-17 1.24384972E-17 1.24384972E-17 8.32651120E-21 8.95937239E-18
Tonsils    5.51228820E-16 1.24839990E-17 1.24839990E-17 5.23943755E-19 1.12394283E-19 4.32171086E-20 5.13177129E-20 1.74893585E-20 6.28373618E-17 3.47303797E-16 3.47303797E-16 1.47706253E-16 1.15758853E-17 1.15758853E-17 3.18304403E-18 3.18304403E-18 3.18304403E-18 1.35654681E-17 1.13400450E-13 6.94046832E-19 1.97500296E-19 1.29137027E-17 1.29137027E-17 1.30031042E-17 1.30031042E-17 7.37017206E-21 3.07480173E-13
S-glands   1.32437511E-16 1.52086603E-17 1.52086603E-17 5.67779303E-19 1.09380589E-19 6.37329785E-20 4.43963105E-20 5.99278093E-21 2.39477320E-17 1.27812027E-16 1.27812027E-16 1.99583125E-16 1.39286815E-17 1.39286815E-17 3.82022962E-18 3.82022962E-18 3.82022962E-18 1.67844009E-17 1.13400450E-13 7.69156866E-19 2.46142374E-19 1.04799966E-17 1.04799966E-17 1.09667378E-17 1.09667378E-17 6.25025069E-21 3.07566754E-13
Thyroid    3.37194063E-17 1.74316802E-16 1.74316802E-16 1.85275689E-18 3.42256941E-19 1.92533548E-19 1.31557916E-19 2.05158699E-20 7.37017206E-18 5.80548650E-17 5.80548650E-17 1.01145402E-16 2.47664441E-16 2.47664441E-16 2.07497877E-17 2.07497877E-17 2.07497877E-17 4.16245451E-16 4.80172293E-13 2.72514199E-18 8.66040478E-19 7.51036250E-18 7.51036250E-18 6.97283229E-18 6.97283229E-18 2.20587659E-20 2.76959731E-13
Breast     4.92813466E-18 1.15592227E-17 1.15592227E-17 8.28661701E-18 1.47983429E-18 6.67354572E-19 5.29134807E-19 9.15948276E-20 3.84906879E-18 3.55362745E-18 3.55362745E-18 5.88591576E-18 1.33595884E-17 1.33595884E-17 2.12048058E-17 2.12048058E-17 2.12048058E-17 1.28302293E-17 1.13403654E-13 1.01033249E-17 2.76423509E-18 1.98157188E-18 1.98157188E-18 2.28053801E-18 2.28053801E-18 7.89440420E-20 3.07513020E-13
Thymus     1.21260727E-17 7.99470045E-17 7.99470045E-17 3.99903251E-18 7.48584920E-19 3.92180760E-19 2.56732760E-19 5.19297443E-20 4.56764495E-18 1.39882825E-17 1.39882825E-17 2.26019037E-17 1.31777414E-16 1.31777414E-16 4.63701919E-17 4.63701919E-17 4.63701919E-17 1.48436845E-16 1.13402052E-13 5.93141757E-18 1.77425024E-18 7.14122104E-18 7.14122104E-18 8.13200698E-18 8.13200698E-18 4.43049864E-20 3.07571370E-13
Ht-wall    3.51341282E-18 8.84497551E-17 8.84497551E-17 3.61963712E-17 3.68228222E-18 1.19105800E-18 1.22215625E-18 1.90835241E-19 1.95850054E-18 3.23447389E-18 3.23447389E-18 4.98949802E-18 8.38338847E-17 8.38338847E-17 5.55186196E-17 5.55186196E-17 5.55186196E-17 8.03667748E-17 5.35191034E-13 2.28582519E-17 7.74556201E-18 4.67787469E-18 4.67787469E-18 4.71039887E-18 4.71039887E-18 1.52128260E-19 2.72319122E-13
Adrenals   6.02065880E-19 1.80533247E-17 1.80533247E-17 5.24969148E-17 2.28967042E-17 8.84657769E-18 5.26731542E-18 1.07772004E-18 4.01345210E-19 5.37690429E-19 5.37690429E-19 7.48392659E-19 6.26050462E-18 6.26050462E-18 1.20116773E-17 1.20116773E-17 1.20116773E-17 5.32323138E-18 6.04469145E-13 7.20819202E-17 1.19669766E-16 8.19993926E-18 8.19993926E-18 9.63484852E-18 9.63484852E-18 8.25809827E-19 2.66564208E-13
Liver      1.02270130E-18 1.95689836E-17 1.95689836E-17 3.38107304E-17 1.37606132E-17 9.43313450E-18 3.51004825E-18 7.53199188E-19 7.41246952E-19 8.35214603E-19 8.35214603E-19 1.25504893E-18 8.80684371E-18 8.80684371E-18 1.94311964E-17 1.94311964E-17 1.94311964E-17 7.73915330E-18 8.60512969E-13 8.60512969E-12 3.47880581E-17 3.94167459E-18 3.94167459E-18 4.57741822E-18 4.57741822E-18 6.53784137E-19 4.67681960E-18
Pancreas   4.16806213E-19 7.21123615E-18 7.21123615E-18 7.71415935E-17 7.98060130E-17 2.48129073E-17 1.41472184E-17 2.05415047E-18 3.48777799E-19 3.06736688E-19 3.06736688E-19 4.57357300E-19 2.98469458E-18 2.98469458E-18 5.80019932E-18 5.80019932E-18 5.80019932E-18 2.53047754E-18 6.46366060E-13 4.41431666E-17 8.06343382E-17 4.27733057E-18 4.27733057E-18 6.87846409E-18 6.87846409E-18 1.83112751E-18 2.63102400E-13
Kidneys    3.41584027E-19 6.73907474E-18 6.73907474E-18 3.92244848E-17 3.84778705E-17 2.42601564E-17 1.24500328E-17 2.34943160E-18 2.47456158E-19 2.81886931E-19 2.81886931E-19 4.21084024E-19 3.08979736E-18 3.08979736E-18 5.96938916E-18 5.96938916E-18 5.96938916E-18 2.58206763E-18 8.72513271E-13 3.47415949E-17 4.36240614E-11 4.79355183E-18 4.79355183E-18 6.76230630E-18 6.76230630E-18 1.77441046E-18 6.50010270E-18
Spleen     7.92628752E-19 1.81398422E-17 1.81398422E-17 1.06181042E-16 1.53523755E-17 2.33148722E-18 4.72065280E-18 7.08210073E-19 5.09828580E-19 7.45188306E-19 7.45188306E-19 1.07937028E-18 8.82158374E-18 8.82158374E-18 2.16870609E-17 2.16870609E-17 2.16870609E-17 6.84129360E-18 1.16359670E-12 1.57455496E-17 4.85715824E-17 4.04789889E-18 4.04789889E-18 4.44139344E-18 4.44139344E-18 4.90442244E-19 2.19912449E-13
GB-wall    6.45020232E-19 1.27895340E-17 1.27895340E-17 3.91507846E-17 3.27084330E-17 1.35061876E-17 6.73827365E-18 1.19392590E-18 5.35671687E-19 5.36665036E-19 5.36665036E-19 7.66737580E-19 5.11030212E-18 5.11030212E-18 9.87998152E-18 9.87998152E-18 9.87998152E-18 4.49458570E-18 1.13403654E-13 1.15774875E-16 6.75798042E-17 5.75485772E-18 5.75485772E-18 7.71736370E-18 7.71736370E-18 1.07485214E-18 3.07388257E-13
Ureters    1.19990201E-19 1.94007551E-18 1.94007551E-18 1.23899512E-17 5.44852158E-17 4.02707060E-17 4.03283844E-17 4.23935898E-17 9.69252688E-20 8.20602753E-20 8.20602753E-20 1.23804984E-19 8.92492412E-19 8.92492412E-19 1.77120611E-18 1.77120611E-18 1.77136632E-18 7.62203420E-19 1.13402052E-13 1.14653352E-17 4.20202827E-17 7.57028390E-18 7.57028390E-18 1.30441199E-17 1.30441199E-17 3.61563168E-17 3.07576219E-13
UB-wall    7.05358198E-21 9.39404140E-20 9.39404140E-20 6.88599432E-19 3.22229735E-17 1.16760214E-17 1.44702172E-17 7.79282622E-17 2.11855797E-20 5.48312859E-21 5.48312859E-21 9.69284731E-21 5.81750282E-20 5.81750282E-20 1.12658642E-19 1.12658642E-19 1.12660244E-19 4.91483659E-20 7.63196770E-14 5.85643571E-19 1.62668979E-18 6.02017815E-18 6.02017815E-18 6.50948285E-18 6.50948285E-18 1.51905557E-13 3.10677710E-13
Ovaries    8.17286248E-21 9.99325540E-20 9.99325540E-20 6.66921984E-19 3.70487291E-17 9.36744527E-18 9.61578262E-18 1.27763962E-16 1.00462874E-20 6.70799252E-21 6.70799252E-21 7.87854266E-21 6.38867874E-20 6.38867874E-20 1.11090111E-19 1.11090111E-19 1.11102928E-19 5.56259655E-20 4.92957662E-13 5.97563764E-19 1.74733368E-18 6.37634198E-18 6.37634198E-18 7.29198585E-18 7.29198585E-18 8.26658980E-17 2.94782437E-13
Testes     0.00000000E+00 0.00000000E+00 0.00000000E+00 0.00000000E+00 0.00000000E+00 0.00000000E+00 0.00000000E+00 0.00000000E+00 0.00000000E+00 0.00000000E+00 0.00000000E+00 0.00000000E+00 0.00000000E+00 0.00000000E+00 0.00000000E+00 0.00000000E+00 0.00000000E+00 0.00000000E+00 0.00000000E+00 0.00000000E+00 0.00000000E+00 0.00000000E+00 0.00000000E+00 0.00000000E+00 0.00000000E+00 0.00000000E+00 0.00000000E+00
Prostate   0.00000000E+00 0.00000000E+00 0.00000000E+00 0.00000000E+00 0.00000000E+00 0.00000000E+00 0.00000000E+00 0.00000000E+00 0.00000000E+00 0.00000000E+00 0.00000000E+00 0.00000000E+00 0.00000000E+00 0.00000000E+00 0.00000000E+00 0.00000000E+00 0.00000000E+00 0.00000000E+00 0.00000000E+00 0.00000000E+00 0.00000000E+00 0.00000000E+00 0.00000000E+00 0.00000000E+00 0.00000000E+00 0.00000000E+00 0.00000000E+00
Uterus     9.55506013E-21 1.00188902E-19 1.00188902E-19 6.75493629E-19 4.12368184E-17 8.85458857E-18 1.13881103E-17 1.55215654E-16 1.19697003E-20 5.53007236E-21 5.53007236E-21 9.44915627E-21 5.98765397E-20 5.98765397E-20 1.19110607E-19 1.19110607E-19 1.19110607E-19 5.19665944E-20 1.13400450E-13 5.81766304E-19 1.70888144E-18 5.80949194E-18 5.80949194E-18 6.63493327E-18 6.63493327E-18 1.52540019E-16 3.07652193E-13
LN-Sys     4.47151436E-18 3.40302286E-17 3.40302286E-17 1.98365471E-17 3.04493641E-17 2.03828893E-17 2.43130282E-17 2.24977622E-17 1.51397667E-18 6.44475492E-18 6.44475492E-18 8.50531410E-18 2.83681369E-17 2.83681369E-17 1.44400962E-17 1.44400962E-17 1.44400962E-17 2.64279012E-17 2.06376353E-13 1.19471096E-17 2.13794430E-17 5.76158686E-18 5.76158686E-18 6.62499977E-18 6.62499977E-18 1.72746669E-17 2.99951055E-13
Skin       2.79740015E-18 2.61603377E-18 2.61603377E-18 2.72466133E-18 2.38756340E-18 2.50067706E-18 2.47344006E-18 2.42265107E-18 3.64799564E-18 2.56220064E-18 2.56220064E-18 3.00472178E-18 2.81021756E-18 2.81021756E-18 3.10165346E-18 3.10165346E-18 3.10165346E-18 2.81037778E-18 1.92821940E-13 2.81197995E-18 2.62436509E-18 3.15324354E-18 3.15324354E-18 2.91948599E-18 2.91948599E-18 2.64567403E-18 3.00914763E-13
Adipose    3.42369094E-18 3.75181668E-18 3.75181668E-18 4.13986382E-18 6.01376944E-18 5.48232750E-18 5.93301975E-18 7.54304690E-18 5.05310442E-18 4.47071327E-18 4.47071327E-18 3.92308935E-18 4.35775983E-18 4.35775983E-18 4.02498777E-18 4.02498777E-18 4.02498777E-18 4.88952220E-18 6.08522652E-14 3.65921088E-18 5.20739402E-18 3.78081607E-18 3.78081607E-18 3.56772660E-18 3.56772660E-18 5.71800766E-18 3.11950044E-13
Muscle     4.01281123E-18 5.55042000E-18 5.55042000E-18 3.76239104E-18 5.81590065E-18 6.58110014E-18 6.61778998E-18 7.70150216E-18 1.53043102E-18 4.60401435E-18 4.60401435E-18 6.56956447E-18 5.46870900E-18 5.46870900E-18 5.35078881E-18 5.35078881E-18 5.35078881E-18 5.61723076E-18 9.12087031E-14 3.88271450E-18 6.09419870E-18 6.65431960E-18 6.65431960E-18 5.08162316E-18 5.08162316E-18 6.89897195E-18 3.09403213E-13
