  T/S       O-cavity       Oesophagus-s   Oesophagus-f   St-cont        SI-cont        RC-cont        LC-cont        RS-cont        ET1-sur        ET2-sur        ET2-seq        LN-ET          Bronchi        Bronchi-q      Brchiole       Brchiole-q     ALV            LN-Th          Blood          Liver          Kidneys        C-bone-S       C-bone-V       T-bone-S       T-bone-V       UB-cont        Other          
O-mucosa   1.42044161E-15 7.77135705E-18 7.77135705E-18 4.99654759E-19 1.60329801E-19 1.75230042E-19 2.24705252E-19 1.16066471E-20 7.52622405E-17 1.86108821E-16 1.86108821E-16 1.35678714E-16 3.59207968E-18 3.59207968E-18 2.19578288E-18 2.19578288E-18 2.19530222E-18 6.38098829E-18 1.24492317E-13 6.14290487E-19 1.85852472E-19 9.34629654E-18 9.34629654E-18 7.87597917E-18 7.87597917E-18 3.99166250E-21 2.65781294E-13
Oesophagus 7.89905052E-18 3.77168367E-14 1.68308640E-15 2.36705554E-17 5.74652641E-18 3.09892976E-18 4.93854880E-18 2.66826472E-19 1.75566499E-18 4.27076164E-17 4.27076164E-17 6.47022953E-17 7.22581596E-17 7.22581596E-17 3.32900230E-17 3.32900230E-17 3.32900230E-17 2.03508457E-16 6.33132082E-13 1.81142074E-17 7.26667146E-18 8.66232739E-18 8.66232739E-18 5.82711588E-18 5.82711588E-18 1.47421065E-19 2.05288072E-13
St-stem    5.77312254E-19 2.66746363E-17 2.66746363E-17 7.33652635E-16 3.84266009E-17 1.45078683E-17 6.47231235E-17 1.62941349E-18 4.61587046E-19 5.45749377E-19 5.45749377E-19 9.99101236E-19 1.26661664E-17 1.26661664E-17 1.47223997E-17 1.47223997E-17 1.47223997E-17 6.32026581E-18 6.33116061E-13 2.87542614E-17 2.03909002E-17 2.80749386E-18 2.80749386E-18 3.12648720E-18 3.12648720E-18 7.82150517E-19 2.05456033E-13
SI-stem    1.08704470E-19 3.13081307E-18 3.13081307E-18 1.85035362E-17 1.37367408E-16 3.04605794E-17 3.38571935E-17 2.80845516E-17 9.39516292E-20 1.00035093E-19 1.00035093E-19 1.77152654E-19 1.90578893E-18 1.90578893E-18 2.30296848E-18 2.30296848E-18 2.30296848E-18 1.09947759E-18 6.85923798E-13 8.80059523E-18 2.20811963E-17 3.80661112E-18 3.80661112E-18 4.31450106E-18 4.31450106E-18 2.48481551E-17 2.00199694E-13
RC-stem    1.43715231E-19 2.47632398E-18 2.47632398E-18 8.01408679E-18 3.51629674E-17 2.35007247E-16 1.66818616E-17 4.08314678E-18 1.35959095E-19 1.28364778E-19 1.28364778E-19 2.15332520E-19 1.86188930E-18 1.86188930E-18 2.34094007E-18 2.34094007E-18 2.34094007E-18 1.12556103E-18 6.94799855E-13 2.29063172E-17 2.71216436E-17 2.87847028E-18 2.87847028E-18 3.37210085E-18 3.37210085E-18 4.84546235E-18 1.99374738E-13
LC-stem    2.22366075E-19 4.31273867E-18 4.31273867E-18 4.82255123E-17 5.93894780E-17 1.54932068E-17 2.62724900E-16 1.23401235E-17 1.93703137E-19 1.99727321E-19 1.99727321E-19 3.52815284E-19 3.86236686E-18 3.86236686E-18 4.45180759E-18 4.45180759E-18 4.45180759E-18 1.81895097E-18 6.94799855E-13 8.17686792E-18 2.28197997E-17 2.19017526E-18 2.19017526E-18 3.21652952E-18 3.21652952E-18 2.36641467E-18 1.99374588E-13
RS-stem    9.10821311E-21 1.94872726E-19 1.94872726E-19 8.91050453E-19 8.97298942E-18 2.69790499E-18 2.61779616E-18 2.89817705E-16 7.13961886E-21 8.84369377E-21 8.84369377E-21 1.45168405E-20 1.36952444E-19 1.36952444E-19 1.86589474E-19 1.86589474E-19 1.86589474E-19 8.09643866E-20 6.94783834E-13 6.58029905E-19 1.89825870E-18 5.69541698E-18 5.69541698E-18 5.83640851E-18 5.83640851E-18 8.01793201E-17 1.99447153E-13
ET1-bas    7.41807713E-17 1.55662661E-18 1.55662661E-18 3.54449504E-19 1.13203382E-19 1.72009668E-19 2.00784757E-19 7.98813153E-21 1.76848241E-12 1.51269493E-16 1.51269493E-16 1.19809156E-17 1.40067075E-18 1.40067075E-18 9.54080076E-19 9.54080076E-19 9.54080076E-19 1.54089324E-18 1.24489113E-13 4.55130275E-19 1.16422154E-19 7.90898401E-18 7.90898401E-18 3.25562262E-18 3.25562262E-18 5.87934684E-21 2.40221932E-13
ET2-bas    1.84923210E-16 4.26483359E-17 4.26483359E-17 4.94704034E-19 1.51782189E-19 1.35995945E-19 1.96202533E-19 9.99501780E-21 1.52421458E-16 5.56179546E-14 4.81598230E-09 7.68259647E-16 1.03311544E-17 1.03311544E-17 2.84210087E-18 2.84210087E-18 2.84210087E-18 1.89585544E-17 1.24489113E-13 6.04340971E-19 2.11375144E-19 1.02279743E-17 1.02279743E-17 5.87438009E-18 5.87438009E-18 3.94744243E-21 2.40224268E-13
LN-ET      1.35834125E-16 6.56684077E-17 6.56684077E-17 9.69797428E-19 2.60802289E-19 3.38251500E-19 3.83336746E-19 9.33860609E-21 1.28664385E-17 7.75004810E-16 7.75004810E-16 9.76382373E-10 2.45789895E-17 2.45789895E-17 5.60649618E-18 5.60649618E-18 5.60745749E-18 4.94031120E-17 1.64319221E-13 1.21557130E-18 3.49723084E-19 6.74740606E-18 6.74740606E-18 6.25153243E-18 6.25153243E-18 1.30899421E-20 5.35943261E-18
Bronch-bas 2.52631188E-18 4.93246053E-17 4.93246053E-17 1.53054318E-17 3.72842490E-18 2.56155977E-18 4.79915945E-18 2.24080403E-19 1.26246701E-18 3.09588563E-18 3.09588563E-18 6.03908383E-18 6.41399313E-13 4.36849441E-09 5.81109412E-16 9.64045614E-17 7.31425610E-17 1.98733971E-16 5.08995448E-13 1.39280406E-17 4.58735172E-18 4.99574650E-18 4.99574650E-18 4.70495147E-18 4.70495147E-18 1.22249270E-19 2.69553233E-13
Bronch-sec 2.52631188E-18 4.93246053E-17 4.93246053E-17 1.53054318E-17 3.72842490E-18 2.56155977E-18 4.79915945E-18 2.24080403E-19 1.26246701E-18 3.09588563E-18 3.09588563E-18 6.03908383E-18 2.34863051E-09 5.47495749E-10 5.81109412E-16 9.64045614E-17 7.31425610E-17 1.98733971E-16 5.08995448E-13 1.39280406E-17 4.58735172E-18 4.99574650E-18 4.99574650E-18 4.70495147E-18 4.70495147E-18 1.22249270E-19 2.55801015E-13
Bchiol-sec 2.18713112E-18 3.45957969E-17 3.45957969E-17 1.56396458E-17 4.16373625E-18 2.88712203E-18 4.99045932E-18 2.53960995E-19 1.01126176E-18 2.87558636E-18 2.87558636E-18 5.63517514E-18 8.44106682E-17 8.44106682E-17 1.89649631E-09 8.96129353E-10 2.75798660E-13 4.74372414E-17 5.08995448E-13 1.75326173E-17 5.93542301E-18 6.80860920E-18 6.80860920E-18 5.72041093E-18 5.72041093E-18 1.40002988E-19 9.41252452E-14
AI         2.18713112E-18 3.45957969E-17 3.45957969E-17 1.56396458E-17 4.16373625E-18 2.88712203E-18 4.99045932E-18 2.53960995E-19 1.01126176E-18 2.87558636E-18 2.87558636E-18 5.63517514E-18 8.44106682E-17 8.44106682E-17 5.81109412E-16 5.81109412E-16 1.41589143E-11 4.74372414E-17 1.65088265E-12 1.75326173E-17 5.93542301E-18 6.80860920E-18 6.80860920E-18 5.72041093E-18 5.72041093E-18 1.40002988E-19 1.14925817E-13
LN-Th      6.66024766E-18 2.07465833E-16 2.07465833E-16 6.79290787E-18 1.94055616E-18 1.40917831E-18 2.02947696E-18 1.12017771E-19 1.74268736E-18 1.94440138E-17 1.94440138E-17 4.98597323E-17 3.10533847E-16 3.10533847E-16 4.62692548E-17 4.62692548E-17 4.62692548E-17 9.76366351E-10 1.64319221E-13 7.71752392E-18 2.89577378E-18 8.11230021E-18 8.11230021E-18 5.53872412E-18 5.53872412E-18 6.74756628E-20 5.74625449E-18
R-marrow   6.90826458E-18 1.77553198E-17 1.77553198E-17 6.94191028E-18 9.07152327E-18 6.40261768E-18 5.78385712E-18 1.18697245E-17 2.88936508E-18 7.53968233E-18 7.53968233E-18 8.54825243E-18 1.06418164E-17 1.06418164E-17 1.12500026E-17 1.12500026E-17 1.12500026E-17 1.50151174E-17 4.46863044E-13 8.60160491E-18 1.03809821E-17 1.77921699E-17 1.30707160E-17 1.81110030E-12 2.05623330E-13 1.25195673E-17 1.97845940E-13
Endost-BS  7.97034737E-18 7.49994835E-18 7.49994835E-18 3.02795334E-18 4.23054701E-18 3.06400231E-18 2.69373933E-18 6.76535043E-18 4.74933176E-18 8.38739391E-18 8.38739391E-18 5.78065277E-18 4.57132995E-18 4.57132995E-18 4.76423200E-18 4.76423200E-18 4.76423200E-18 6.37345807E-18 1.70711905E-13 3.69157484E-18 4.57902040E-18 2.00288083E-12 1.27746338E-17 1.33536604E-11 1.47246428E-12 7.80035644E-18 1.81910479E-13
Brain      1.94632400E-17 1.31819070E-18 1.31819070E-18 1.03792197E-19 3.35047147E-20 3.53023567E-20 4.77512680E-20 2.23439533E-21 1.68597032E-17 3.61258754E-17 3.61258754E-17 8.30039573E-18 7.31169262E-19 7.31169262E-19 5.67186498E-19 5.67186498E-19 5.67186498E-19 1.23992438E-18 1.23181737E-13 1.46937208E-19 4.96850950E-20 8.96193440E-18 8.96193440E-18 6.88134801E-18 6.88134801E-18 1.38453683E-21 2.54001914E-13
Eye-lens   4.12784750E-17 1.27030165E-18 1.27030165E-18 1.08975238E-19 6.93982745E-21 7.85370892E-20 1.40959487E-27 0.00000000E+00 1.58043495E-16 6.94831899E-17 6.94831899E-17 9.41743317E-18 8.89864843E-19 8.89864843E-19 6.63445262E-19 6.63445262E-19 6.63445262E-19 1.12817257E-18 5.41247261E-18 1.34052504E-19 6.89128151E-20 6.47071018E-18 6.47071018E-18 4.05174412E-18 4.05174412E-18 0.00000000E+00 2.65772938E-13
P-gland    6.27764791E-17 2.45886025E-18 2.45886025E-18 1.14393799E-19 1.01783068E-19 3.94071329E-21 2.23359424E-20 0.00000000E+00 4.22974593E-17 3.42865768E-16 3.42865768E-16 2.14803802E-17 1.24771096E-18 1.24771096E-18 8.72224880E-19 8.72224880E-19 8.72288967E-19 2.28822846E-18 1.24489113E-13 2.37875143E-19 8.34301362E-20 1.11860758E-17 1.11860758E-17 6.43033533E-18 6.43033533E-18 0.00000000E+00 2.54025296E-13
Tongue     7.96153540E-15 9.18896281E-18 9.18896281E-18 5.71977006E-19 1.71849450E-19 1.79155375E-19 2.45084937E-19 1.21376084E-20 6.02802881E-17 1.67892074E-16 1.67892074E-16 1.48417619E-16 4.10974291E-18 4.10974291E-18 2.42345215E-18 2.42345215E-18 2.42345215E-18 7.48104267E-18 1.24492317E-13 6.71007535E-19 2.08715531E-19 9.19841565E-18 9.19841565E-18 8.06936188E-18 8.06936188E-18 6.10204937E-21 9.00827544E-18
Tonsils    1.46216228E-16 5.07457359E-18 5.07457359E-18 2.36192858E-19 7.91875729E-20 6.45773255E-20 1.07696701E-19 1.94776596E-21 3.01465528E-17 2.29143281E-16 2.29143281E-16 5.00968544E-17 2.32956461E-18 2.32956461E-18 1.37344977E-18 1.37344977E-18 1.37344977E-18 4.38243334E-18 1.24489113E-13 3.32515708E-19 1.25881404E-19 1.42734699E-17 1.42734699E-17 7.81301364E-18 7.81301364E-18 6.14707053E-21 2.53869107E-13
S-glands   5.39308627E-17 9.45412301E-18 9.45412301E-18 4.83568907E-19 1.46985273E-19 1.48811754E-19 2.03892980E-19 1.07208037E-20 1.25375117E-17 5.19265399E-17 5.19265399E-17 8.39027783E-17 3.97596117E-18 3.97596117E-18 2.55418976E-18 2.55418976E-18 2.55418976E-18 7.46486069E-18 1.24489113E-13 6.00031116E-19 2.06520549E-19 7.49145682E-18 7.49145682E-18 4.92861531E-18 4.92861531E-18 6.84994535E-21 2.53707535E-13
Thyroid    1.38807764E-17 1.48307069E-16 1.48307069E-16 2.26627864E-18 6.44908080E-19 5.10373320E-19 7.81349429E-19 5.04669572E-20 3.02907487E-18 3.86797447E-17 3.86797447E-17 8.96337636E-17 7.05374220E-17 7.05374220E-17 1.88111541E-17 1.88111541E-17 1.88111541E-17 2.46991527E-16 4.00127556E-13 2.63782337E-18 9.42816776E-19 6.97379359E-18 6.97379359E-18 4.61795329E-18 4.61795329E-18 2.58879677E-20 2.27717739E-13
Breast     1.66962812E-18 5.86188311E-18 5.86188311E-18 1.30245733E-17 3.20355189E-18 2.93262384E-18 4.99430455E-18 2.08411117E-19 1.67908096E-18 1.20534941E-18 1.20534941E-18 2.06808941E-18 1.49840352E-17 1.49840352E-17 1.41012359E-17 1.41012359E-17 1.41012359E-17 5.40718543E-18 1.24492317E-13 1.14403412E-17 2.85043219E-18 1.27167952E-18 1.27167952E-18 2.05302895E-18 2.05302895E-18 1.04189537E-19 2.53886010E-13
Thymus     6.15139640E-18 6.58943146E-17 6.58943146E-17 4.60882088E-18 1.24216743E-18 1.06684126E-18 1.46652020E-18 7.35334920E-20 2.10798360E-18 1.18319131E-17 1.18319131E-17 2.48225203E-17 7.32867569E-17 7.32867569E-17 3.65504522E-17 3.65504522E-17 3.65504522E-17 1.49638477E-16 1.24490715E-13 5.10341276E-18 1.63341893E-18 7.22581596E-18 7.22581596E-18 5.19746052E-18 5.19746052E-18 4.25153553E-20 2.53887534E-13
Ht-wall    1.81462509E-18 8.19208860E-17 8.19208860E-17 4.62404156E-17 7.33107895E-18 3.94632091E-18 8.43593986E-18 3.81686504E-19 9.62090959E-19 2.23071032E-18 2.23071032E-18 4.31978824E-18 6.39028092E-17 6.39028092E-17 4.30120300E-17 4.30120300E-17 4.30120300E-17 7.61706745E-17 4.03572235E-13 2.05671396E-17 7.58085827E-18 4.56043515E-18 4.56043515E-18 4.10333420E-18 4.10333420E-18 2.00127865E-19 2.27159553E-13
Adrenals   3.25466132E-19 1.55963870E-17 1.55963870E-17 3.26058937E-17 2.65945275E-17 1.30543738E-17 1.76367588E-17 1.42463931E-18 2.17207066E-19 3.99566794E-19 3.99566794E-19 7.28733953E-19 7.70566781E-18 7.70566781E-18 1.12596157E-17 1.12596157E-17 1.12596157E-17 5.80821020E-18 5.38427430E-13 4.32651739E-17 1.51365624E-16 5.42913524E-18 5.42913524E-18 5.07249076E-18 5.07249076E-18 8.42921072E-19 2.14362297E-13
Liver      6.85186796E-19 1.84314383E-17 1.84314383E-17 2.45517525E-17 1.46329983E-17 2.97700413E-17 1.11860758E-17 9.25817683E-19 5.10485472E-19 6.72048949E-19 6.72048949E-19 1.20214506E-18 1.29282825E-17 1.29282825E-17 1.78226112E-17 1.78226112E-17 1.78226112E-17 7.83848824E-18 6.59600038E-13 6.60064669E-12 2.72241829E-17 3.48873930E-18 3.48873930E-18 4.03363952E-18 4.03363952E-18 6.76935588E-19 4.20601029E-18
Pancreas   3.50972781E-19 1.26652051E-17 1.26652051E-17 5.60168965E-17 7.88831593E-17 4.89192547E-17 4.31610324E-17 2.73299265E-18 2.69982760E-19 3.25530219E-19 3.25530219E-19 5.81269629E-19 6.43017511E-18 6.43017511E-18 7.76222464E-18 7.76222464E-18 7.76222464E-18 3.88303493E-18 5.38427430E-13 4.76535353E-17 4.10333420E-17 3.55987594E-18 3.55987594E-18 3.99662925E-18 3.99662925E-18 1.68564988E-18 2.14365671E-13
Kidneys    2.21613052E-19 7.45156262E-18 7.45156262E-18 2.09180162E-17 3.85435597E-17 2.59664743E-17 2.44396001E-17 2.82175323E-18 1.54396942E-19 2.35904466E-19 2.35904466E-19 4.20747567E-19 4.35663830E-18 4.35663830E-18 5.93253910E-18 5.93253910E-18 5.93253910E-18 2.97155673E-18 7.37321619E-13 2.72546242E-17 3.69125441E-11 3.89168669E-18 3.89168669E-18 4.55434688E-18 4.55434688E-18 1.68805315E-18 5.88351033E-18
Spleen     5.34950707E-19 1.71849450E-17 1.71849450E-17 5.26891760E-17 2.06792919E-17 3.45397207E-18 3.33861536E-17 1.05399180E-18 3.03548357E-19 6.24288068E-19 6.24288068E-19 1.16316411E-18 1.41167770E-17 1.41167770E-17 2.24833426E-17 2.24833426E-17 2.24833426E-17 8.43690116E-18 9.55361817E-13 8.57933465E-18 3.67811656E-17 4.53896599E-18 4.53896599E-18 4.98308931E-18 4.98308931E-18 4.38756031E-19 1.74538195E-13
GB-wall    4.53415946E-19 1.11873575E-17 1.11873575E-17 1.98974298E-17 2.97812565E-17 8.54216416E-17 1.52855648E-17 1.55526476E-18 3.43314378E-19 4.06744545E-19 4.06744545E-19 7.23751184E-19 7.05165937E-18 7.05165937E-18 8.72481228E-18 8.72481228E-18 8.72481228E-18 4.31754520E-18 1.24492317E-13 1.06414960E-16 3.49018126E-17 2.83969761E-18 2.83969761E-18 3.52158392E-18 3.52158392E-18 1.16784246E-18 2.53843731E-13
Ureters    7.65856383E-20 2.32315591E-18 2.32315591E-18 9.30399908E-18 4.79483357E-17 2.49202531E-17 1.55975085E-17 2.55194671E-17 5.79411105E-20 7.91907772E-20 7.91907772E-20 1.31325600E-19 1.39314052E-18 1.39314052E-18 1.79315592E-18 1.79315592E-18 1.79347636E-18 8.39268109E-19 1.24490715E-13 7.67186189E-18 3.55843398E-17 5.74236075E-18 5.74236075E-18 6.31257536E-18 6.31257536E-18 3.74428645E-17 2.53919442E-13
UB-wall    6.90842479E-21 1.40286573E-19 1.40286573E-19 6.41399313E-19 8.43017202E-18 3.08098538E-18 1.53967558E-18 5.21091881E-17 9.04925302E-21 5.23142667E-21 5.23142667E-21 9.45524454E-21 1.11598001E-19 1.11598001E-19 1.35279772E-19 1.35279772E-19 1.35279772E-19 6.20362736E-20 6.09323740E-14 6.31369688E-19 1.51061210E-18 5.92933474E-18 5.92933474E-18 7.37353663E-18 7.37353663E-18 1.21610002E-13 2.59932427E-13
Ovaries    0.00000000E+00 0.00000000E+00 0.00000000E+00 0.00000000E+00 0.00000000E+00 0.00000000E+00 0.00000000E+00 0.00000000E+00 0.00000000E+00 0.00000000E+00 0.00000000E+00 0.00000000E+00 0.00000000E+00 0.00000000E+00 0.00000000E+00 0.00000000E+00 0.00000000E+00 0.00000000E+00 0.00000000E+00 0.00000000E+00 0.00000000E+00 0.00000000E+00 0.00000000E+00 0.00000000E+00 0.00000000E+00 0.00000000E+00 0.00000000E+00
Testes     8.47919862E-22 1.00430831E-20 1.00430831E-20 5.05678943E-20 4.16694061E-19 2.28518432E-19 1.23463720E-19 3.02635117E-18 2.64551382E-21 2.54345517E-22 2.54345517E-22 1.09598485E-23 9.53647489E-21 9.53647489E-21 1.16310002E-20 1.16310002E-20 1.16310002E-20 7.90065269E-21 1.67267225E-13 4.94816186E-20 1.15585818E-19 1.70439535E-18 1.70439535E-18 1.72105798E-18 1.72105798E-18 8.43209463E-18 2.49769915E-13
Prostate   1.54409759E-21 6.35230934E-20 6.35230934E-20 2.87045939E-19 3.12136023E-18 1.43261815E-18 6.98965514E-19 2.51365469E-17 4.31369997E-21 3.00344004E-21 3.00344004E-21 2.28566498E-21 5.20210684E-20 5.20210684E-20 7.97323129E-20 7.97323129E-20 7.97323129E-20 3.59704643E-20 1.24489113E-13 3.26171089E-19 7.41278995E-19 5.94199194E-18 5.94199194E-18 7.01112431E-18 7.01112431E-18 1.37924965E-16 2.53837287E-13
Uterus     0.00000000E+00 0.00000000E+00 0.00000000E+00 0.00000000E+00 0.00000000E+00 0.00000000E+00 0.00000000E+00 0.00000000E+00 0.00000000E+00 0.00000000E+00 0.00000000E+00 0.00000000E+00 0.00000000E+00 0.00000000E+00 0.00000000E+00 0.00000000E+00 0.00000000E+00 0.00000000E+00 0.00000000E+00 0.00000000E+00 0.00000000E+00 0.00000000E+00 0.00000000E+00 0.00000000E+00 0.00000000E+00 0.00000000E+00 0.00000000E+00
LN-Sys     2.75366073E-18 3.09620606E-17 3.09620606E-17 2.52647210E-17 2.52230644E-17 1.45910213E-17 1.84698905E-17 2.14915954E-17 8.09804084E-19 3.66465828E-18 3.66465828E-18 7.22805900E-18 1.53011059E-17 1.53011059E-17 1.33539808E-17 1.33539808E-17 1.33539808E-17 1.93014201E-17 1.64319221E-13 1.12019373E-17 1.23136876E-17 5.22197382E-18 5.22197382E-18 4.98997867E-18 4.98997867E-18 2.11823753E-17 2.50139946E-13
Skin       2.17415349E-18 1.94792617E-18 1.94792617E-18 2.04373633E-18 1.98717950E-18 2.09628772E-18 2.38387840E-18 2.21260573E-18 3.93094001E-18 2.21340682E-18 2.21340682E-18 2.56748782E-18 2.24320730E-18 2.24320730E-18 2.28566498E-18 2.28566498E-18 2.28566498E-18 2.13361843E-18 1.34738236E-13 2.19626353E-18 2.30777501E-18 2.72049567E-18 2.72049567E-18 2.57373631E-18 2.57373631E-18 1.98525689E-18 2.52854054E-13
Adipose    2.59392373E-18 5.01256936E-18 5.01256936E-18 6.16629665E-18 8.36095800E-18 7.03035042E-18 7.51180446E-18 7.39596710E-18 3.03420183E-18 3.76511474E-18 3.76511474E-18 3.72554099E-18 4.34510263E-18 4.34510263E-18 4.31850650E-18 4.31850650E-18 4.31850650E-18 5.40013585E-18 4.44844302E-14 4.26483359E-18 7.08770834E-18 3.51229129E-18 3.51229129E-18 3.34870908E-18 3.34870908E-18 7.75293202E-18 2.61529749E-13
Muscle     3.70599443E-18 3.82856093E-18 3.82856093E-18 2.85700111E-18 3.81382091E-18 3.72618186E-18 3.24312564E-18 5.84009351E-18 1.02813267E-18 3.68164135E-18 3.68164135E-18 5.42304697E-18 3.72441946E-18 3.72441946E-18 4.20010566E-18 4.20010566E-18 4.20010566E-18 3.95529309E-18 7.32194655E-14 3.14795636E-18 4.43915039E-18 5.01977915E-18 5.01977915E-18 4.51108812E-18 4.51108812E-18 6.00848226E-18 2.58747782E-13
