  T/S       O-cavity       Oesophagus-s   Oesophagus-f   St-cont        SI-cont        RC-cont        LC-cont        RS-cont        ET1-sur        ET2-sur        ET2-seq        LN-ET          Bronchi        Bronchi-q      Brchiole       Brchiole-q     ALV            LN-Th          Blood          Liver          Kidneys        C-bone-S       C-bone-V       T-bone-S       T-bone-V       UB-cont        Other          
O-mucosa   3.67635417E-14 3.11991827E-16 3.11991827E-16 1.31064445E-17 2.90074053E-18 1.64863961E-18 1.24075752E-18 2.05174721E-19 2.29063172E-15 5.49979123E-15 5.49979123E-15 8.59904142E-15 3.01177136E-16 3.01177136E-16 7.60873614E-17 7.60873614E-17 7.60873614E-17 3.47752407E-16 1.34813538E-13 1.77617285E-17 5.58646897E-18 2.63814380E-16 2.63814380E-16 2.44283849E-16 2.44283849E-16 2.04950416E-19 3.76672992E-13
Oesophagus 3.13914439E-16 5.70326764E-13 4.46206152E-14 4.08555004E-16 5.08514795E-17 1.73675931E-17 1.53664747E-17 2.65544731E-18 6.77111827E-17 9.90369374E-16 9.90369374E-16 1.06898817E-15 4.81357904E-15 4.81357904E-15 8.40902329E-16 8.40902329E-16 8.40902329E-16 4.76230939E-15 8.57036246E-13 3.74204340E-16 1.25669917E-16 1.89473391E-16 1.89473391E-16 1.55356645E-16 1.55356645E-16 2.13650235E-18 3.05259419E-13
St-stem    1.24077354E-17 3.77312563E-16 3.77312563E-16 1.23563055E-14 8.46253599E-16 1.22648212E-16 2.23343402E-16 2.18168372E-17 1.04457100E-17 9.82486665E-18 9.82486665E-18 1.45038629E-17 1.05113993E-16 1.05113993E-16 2.45741830E-16 2.45741830E-16 2.45741830E-16 8.42953115E-17 8.56972159E-13 7.07200701E-16 7.57989696E-16 5.90450101E-17 5.90450101E-17 7.56243324E-17 7.56243324E-17 1.87807128E-17 3.05219316E-13
SI-stem    2.64407186E-18 3.98733662E-17 3.98733662E-17 4.48721569E-16 3.02122420E-15 8.05990904E-16 1.08178956E-15 8.60865448E-16 2.58030523E-18 1.99134516E-18 1.99134516E-18 2.89657487E-18 1.78242134E-17 1.78242134E-17 3.52254522E-17 3.52254522E-17 3.52254522E-17 1.49398151E-17 9.30528082E-13 2.26707973E-16 6.14979423E-16 8.22749670E-17 8.22749670E-17 1.35707553E-16 1.35707553E-16 7.46614243E-16 2.99101346E-13
RC-stem    1.86829800E-18 1.83513295E-17 1.83513295E-17 8.51652933E-17 6.26034441E-16 5.81413825E-15 3.94551982E-16 1.75486391E-16 1.82712207E-18 1.38860636E-18 1.38860636E-18 2.03188022E-18 1.04952173E-17 1.04952173E-17 1.99278711E-17 1.99278711E-17 1.99278711E-17 9.09395374E-18 9.04396583E-13 1.90258458E-16 5.37802581E-16 7.41022647E-17 7.41022647E-17 1.14023696E-16 1.14023696E-16 2.75622421E-16 3.01303787E-13
LC-stem    1.31508248E-18 1.47858459E-17 1.47858459E-17 1.62989414E-16 8.15235462E-16 3.90818910E-16 7.03788065E-15 4.33725197E-16 1.51572304E-18 9.46405651E-19 9.46405651E-19 1.33168103E-18 7.61754811E-18 7.61754811E-18 1.50248907E-17 1.50248907E-17 1.50248907E-17 6.32186798E-18 9.04396583E-13 6.47359410E-17 2.32107308E-16 7.62427725E-17 7.62427725E-17 1.12093074E-16 1.12093074E-16 3.69622116E-16 3.01316341E-13
RS-stem    2.50099750E-19 2.29191346E-18 2.29191346E-18 1.43281041E-17 7.84697978E-16 1.60954650E-16 2.78730643E-16 7.21844594E-15 2.78666556E-19 2.10670186E-19 2.10670186E-19 2.55386932E-19 1.46586331E-18 1.46586331E-18 2.75285964E-18 2.75285964E-18 2.75301986E-18 1.22109881E-18 9.04364540E-13 1.20236937E-17 3.60585840E-17 9.38923487E-17 9.38923487E-17 1.17381858E-16 1.17381858E-16 1.68613053E-15 3.01252358E-13
ET1-bas    2.25842798E-15 6.38579482E-17 6.38579482E-17 9.06671674E-18 2.49506944E-18 1.82568011E-18 1.17385062E-18 1.78129982E-19 4.61811351E-09 1.58532159E-15 1.58532159E-15 4.92829487E-16 6.45196471E-17 6.45196471E-17 3.47672298E-17 3.47672298E-17 3.47672298E-17 7.37097315E-17 1.34730225E-13 1.13200178E-17 3.93686806E-18 2.02627260E-16 2.02627260E-16 1.45343042E-16 1.45343042E-16 4.67739404E-19 3.25458521E-13
ET2-bas    5.43169873E-15 9.82903231E-16 9.82903231E-16 1.01600420E-17 2.19818614E-18 1.29560002E-18 9.45941020E-19 1.97740622E-19 1.58839777E-15 2.48593704E-11 6.19609713E-09 1.12826870E-14 9.19777478E-16 9.19777478E-16 8.09531714E-17 8.09531714E-17 8.09531714E-17 1.25150812E-15 1.34743043E-13 1.41794221E-17 5.02570720E-18 2.56139955E-16 2.56139955E-16 2.54858214E-16 2.54858214E-16 1.45040231E-19 3.25498939E-13
LN-ET      8.64037758E-15 1.09388600E-15 1.09388600E-15 1.69942860E-17 3.74124231E-18 1.97516317E-18 7.47142961E-19 2.92365165E-19 5.11094299E-16 1.15518527E-14 1.15518527E-14 1.45733973E-09 1.19690594E-15 1.19690594E-15 1.29779500E-16 1.29779500E-16 1.29779500E-16 1.56708882E-15 2.45052894E-13 2.02851565E-17 7.86220046E-18 1.84266318E-16 1.84266318E-16 1.90322545E-16 1.90322545E-16 2.65801079E-19 1.27105343E-16
Bronch-bas 7.77440119E-17 2.91596121E-15 2.91596121E-15 1.98669884E-16 3.17999989E-17 1.49566379E-17 1.09338932E-17 2.15028106E-18 3.25065587E-17 9.11670465E-17 9.11670465E-17 1.35821307E-16 2.60626049E-10 6.59087341E-09 1.39568798E-14 2.03780827E-15 1.69350055E-15 1.39753048E-14 7.37545924E-13 2.43578891E-16 8.33436187E-17 1.41316773E-16 1.41316773E-16 1.10905861E-16 1.10905861E-16 1.97868796E-18 3.78644634E-13
Bronch-sec 7.77440119E-17 2.91596121E-15 2.91596121E-15 1.98669884E-16 3.17999989E-17 1.49566379E-17 1.09338932E-17 2.15028106E-18 3.25065587E-17 9.11670465E-17 9.11670465E-17 1.35821307E-16 5.32227007E-09 1.92998180E-09 1.39568798E-14 2.03780827E-15 1.68901445E-15 1.39753048E-14 7.37545924E-13 2.43578891E-16 8.33436187E-17 1.41316773E-16 1.41316773E-16 1.10905861E-16 1.10905861E-16 1.97868796E-18 3.47799382E-13
Bchiol-sec 7.80452210E-17 8.70126028E-16 8.70126028E-16 3.05134512E-16 4.48737590E-17 1.94263899E-17 1.52216379E-17 3.07601864E-18 3.59928948E-17 8.25745740E-17 8.25745740E-17 1.27940201E-16 1.50473211E-15 1.50473211E-15 2.17046849E-09 1.08142106E-09 1.23119252E-12 1.20608642E-15 7.37545924E-13 3.77040193E-16 1.15515323E-16 1.35869373E-16 1.35869373E-16 1.07435547E-16 1.07435547E-16 2.37025989E-18 1.36043854E-13
AI         7.80452210E-17 8.70126028E-16 8.70126028E-16 3.05134512E-16 4.48737590E-17 1.94263899E-17 1.52216379E-17 3.07601864E-18 3.59928948E-17 8.25745740E-17 8.25745740E-17 1.27940201E-16 1.50473211E-15 1.50473211E-15 1.39568798E-14 1.39568798E-14 2.05575265E-11 1.20608642E-15 2.53159907E-12 3.77040193E-16 1.15515323E-16 1.35869373E-16 1.35869373E-16 1.07435547E-16 1.07435547E-16 2.37025989E-18 1.65724876E-13
LN-Th      3.54705852E-16 4.85058931E-15 4.85058931E-15 1.04604501E-16 1.82696185E-17 9.59655650E-18 6.56411707E-18 1.24027686E-18 7.78882077E-17 1.28241410E-15 1.28241410E-15 1.55649844E-15 2.26643886E-14 2.26643886E-14 1.18444101E-15 1.18444101E-15 1.18444101E-15 1.45724360E-09 2.45437416E-13 1.48161271E-16 4.66922294E-17 1.55766802E-16 1.55766802E-16 1.28798968E-16 1.28798968E-16 1.05122004E-18 1.38416520E-16
R-marrow   1.80869704E-16 4.38579792E-16 4.38579792E-16 1.76479740E-16 2.47135723E-16 2.10942556E-16 2.04886329E-16 2.94544125E-16 8.17462487E-17 2.43130282E-16 2.43130282E-16 2.15668977E-16 3.41231548E-16 3.41231548E-16 3.05086447E-16 3.05086447E-16 3.05086447E-16 3.35335539E-16 6.96257836E-13 2.27477018E-16 2.50756642E-16 3.75261777E-16 2.58783546E-16 2.82575867E-12 3.15468550E-13 2.22013596E-16 2.63191745E-13
Endost-BS  1.94424117E-16 1.99567103E-16 1.99567103E-16 8.17782922E-17 1.34007644E-16 1.16838720E-16 1.18030740E-16 1.89104891E-16 1.29882039E-16 2.49987597E-16 2.49987597E-16 1.68581010E-16 1.58519342E-16 1.58519342E-16 1.35201265E-16 1.35201265E-16 1.35201265E-16 1.58583429E-16 2.64182881E-13 1.01332856E-16 1.16231495E-16 3.17375140E-12 3.10405673E-16 2.13057429E-11 2.26772060E-12 1.62412630E-16 2.47688219E-13
Brain      3.76447387E-16 3.95769636E-17 3.95769636E-17 2.67467343E-18 5.88158988E-19 3.60441644E-19 2.60129374E-19 5.55971263E-20 4.10237289E-16 6.55915032E-16 6.55915032E-16 2.52038383E-16 3.85035053E-17 3.85035053E-17 1.58900660E-17 1.58900660E-17 1.58900660E-17 4.34894786E-17 1.64623634E-13 3.53520242E-18 1.27227233E-18 1.95753923E-16 1.95753923E-16 2.97059542E-16 2.97059542E-16 5.12776585E-20 3.62945514E-13
Eye-lens   8.49602148E-16 3.96939225E-17 3.96939225E-17 5.28718241E-18 9.53102749E-19 1.53893858E-19 1.00538177E-18 0.00000000E+00 3.57910205E-15 8.40581894E-16 8.40581894E-16 2.89705552E-16 4.04485476E-17 4.04485476E-17 2.51685904E-17 2.51685904E-17 2.51685904E-17 3.98461292E-17 8.74628144E-17 8.63813453E-18 3.68901136E-18 1.48601869E-16 1.48601869E-16 1.38835001E-16 1.38835001E-16 0.00000000E+00 3.76656971E-13
P-gland    1.23776145E-15 8.97234854E-17 8.97234854E-17 3.10325564E-18 4.30905366E-19 5.15131784E-19 6.58959167E-19 0.00000000E+00 7.10196771E-16 2.89449204E-15 2.89449204E-15 7.31169262E-16 8.45244227E-17 8.45244227E-17 2.83184694E-17 2.83184694E-17 2.83216738E-17 1.04942560E-16 1.34759064E-13 6.11614852E-18 2.23263293E-18 3.84554400E-16 3.84554400E-16 4.01777798E-16 4.01777798E-16 0.00000000E+00 3.65732235E-13
Tongue     1.74140562E-13 3.54497570E-16 3.54497570E-16 1.29505528E-17 2.91387838E-18 1.52591289E-18 1.25722789E-18 2.20427441E-19 1.71929559E-15 5.83576764E-15 5.83576764E-15 7.61274158E-15 3.36136627E-16 3.36136627E-16 8.10733346E-17 8.10733346E-17 8.10733346E-17 3.87021752E-16 1.34811936E-13 1.81270248E-17 5.69749981E-18 2.25970972E-16 2.25970972E-16 2.39925929E-16 2.39925929E-16 2.21965531E-19 1.71920492E-16
Tonsils    1.07635819E-14 2.38740318E-16 2.38740318E-16 9.44867561E-18 2.05463113E-18 1.03638388E-18 1.20962723E-18 8.46622099E-20 1.18822215E-15 6.87558018E-15 6.87558018E-15 2.88071332E-15 2.19177743E-16 2.19177743E-16 6.00639943E-17 6.00639943E-17 6.00639943E-17 2.59600656E-16 1.34739838E-13 1.35731585E-17 3.58599141E-18 2.49138444E-16 2.49138444E-16 2.50884816E-16 2.50884816E-16 8.41062547E-20 3.65388140E-13
S-glands   2.60305614E-15 2.93534754E-16 2.93534754E-16 1.07608582E-17 2.23792012E-18 1.27512420E-18 8.94719437E-19 1.88656281E-19 4.50516006E-16 2.48289290E-15 2.48289290E-15 3.91940434E-15 2.69357911E-16 2.69357911E-16 7.29695259E-17 7.29695259E-17 7.29695259E-17 3.23847933E-16 1.34739838E-13 1.44399360E-17 4.71136018E-18 1.99919582E-16 1.99919582E-16 2.10253620E-16 2.10253620E-16 1.65392679E-19 3.65496051E-13
Thyroid    6.63333109E-16 3.48569517E-15 3.48569517E-15 3.44804402E-17 6.47471562E-18 3.92677435E-18 2.54826170E-18 4.86468847E-19 1.39485485E-16 1.15212511E-15 1.15212511E-15 2.00912931E-15 5.04445267E-15 5.04445267E-15 4.09179853E-16 4.09179853E-16 4.09179853E-16 8.36256017E-15 5.70615156E-13 5.08691035E-17 1.58221337E-17 1.46509427E-16 1.46509427E-16 1.38118828E-16 1.38118828E-16 5.14218544E-19 3.29146131E-13
Breast     9.28541383E-17 2.19514200E-16 2.19514200E-16 1.57825599E-16 2.80060450E-17 1.28060364E-17 1.02244495E-17 1.80997878E-18 7.28365453E-17 6.74500279E-17 6.74500279E-17 1.11945673E-16 2.55226714E-16 2.55226714E-16 4.06488197E-16 4.06488197E-16 4.06488197E-16 2.45100959E-16 1.34795914E-13 1.93094310E-16 5.21075859E-17 3.73771753E-17 3.73771753E-17 4.32379369E-17 4.32379369E-17 1.61291107E-18 3.65403783E-13
Thymus     2.33036570E-16 1.57348151E-15 1.57348151E-15 7.43794412E-17 1.38258218E-17 7.41391148E-18 5.03964614E-18 1.09276447E-18 8.67546524E-17 2.68636932E-16 2.68636932E-16 4.38900227E-16 2.60017222E-15 2.60017222E-15 9.04749062E-16 9.04749062E-16 9.04749062E-16 2.93294428E-15 1.34784699E-13 1.13868285E-16 3.33605188E-17 1.36245884E-16 1.36245884E-16 1.56297123E-16 1.56297123E-16 9.62924090E-19 3.65513246E-13
Ht-wall    6.67691029E-17 1.74717346E-15 1.74717346E-15 7.15275671E-16 7.04428936E-17 2.23487598E-17 2.29447695E-17 3.66129371E-18 3.74332514E-17 6.15444054E-17 6.15444054E-17 9.59575542E-17 1.66690442E-15 1.66690442E-15 1.09513569E-15 1.09513569E-15 1.09513569E-15 1.59490261E-15 6.36560740E-13 4.48000589E-16 1.48068344E-16 9.00439207E-17 9.00439207E-17 9.13496946E-17 9.13496946E-17 2.97347934E-18 3.23620606E-13
Adrenals   1.10644706E-17 3.48024777E-16 3.48024777E-16 1.02558521E-15 4.43322234E-16 1.67715835E-16 9.68820100E-17 1.94199812E-17 7.84601847E-18 9.83560124E-18 9.83560124E-18 1.40333036E-17 1.18057977E-16 1.18057977E-16 2.28181975E-16 2.28181975E-16 2.28181975E-16 1.00643920E-16 7.18431959E-13 1.40789657E-15 2.35215530E-15 1.56974843E-16 1.56974843E-16 1.84362448E-16 1.84362448E-16 1.49608036E-17 3.16789945E-13
Liver      1.93623028E-17 3.82743941E-16 3.82743941E-16 6.65976700E-16 2.69325867E-16 1.83401142E-16 6.63349131E-17 1.39519131E-17 1.42298907E-17 1.57364172E-17 1.57364172E-17 2.37394490E-17 1.70151143E-16 1.70151143E-16 3.80901438E-16 3.80901438E-16 3.80901438E-16 1.49729801E-16 1.02260516E-12 1.02247699E-11 6.83136011E-16 7.56339454E-17 7.56339454E-17 8.83984855E-17 8.83984855E-17 1.22476779E-17 9.10553805E-17
Pancreas   7.71367870E-18 1.37780769E-16 1.37780769E-16 1.52418254E-15 1.57944160E-15 4.85683780E-16 2.74613050E-16 3.79219153E-17 6.85411101E-18 5.84329787E-18 5.84329787E-18 8.62179233E-18 5.56275676E-17 5.56275676E-17 1.10000631E-16 1.10000631E-16 1.10000631E-16 4.75654155E-17 7.68163517E-13 8.66008435E-16 1.58911875E-15 8.13184676E-17 8.13184676E-17 1.32070612E-16 1.32070612E-16 3.42737594E-17 3.12696516E-13
Kidneys    6.38563461E-18 1.29265201E-16 1.29265201E-16 7.73418656E-16 7.58854871E-16 4.75638134E-16 2.40983365E-16 4.35247264E-17 4.80749077E-18 5.36600949E-18 5.36600949E-18 7.90593988E-18 5.83144176E-17 5.83144176E-17 1.14408219E-16 1.14408219E-16 1.14408219E-16 4.82879971E-17 1.03680045E-12 6.81694052E-16 5.18304094E-11 9.22373004E-17 9.22373004E-17 1.30614234E-16 1.30614234E-16 3.29231246E-17 1.26932439E-16
Spleen     1.49356494E-17 3.55747267E-16 3.55747267E-16 2.11695579E-15 3.02202529E-16 4.32443456E-17 9.07424697E-17 1.32479167E-17 9.65759943E-18 1.40573363E-17 1.40573363E-17 2.04149328E-17 1.70824057E-16 1.70824057E-16 4.25906576E-16 4.25906576E-16 4.25906576E-16 1.31356041E-16 1.38261422E-12 3.04766011E-16 9.64269919E-16 7.79875427E-17 7.79875427E-17 8.62820104E-17 8.62820104E-17 9.08722460E-18 2.61378821E-13
GB-wall    1.22430316E-17 2.48145094E-16 2.48145094E-16 7.64718837E-16 6.38098829E-16 2.59680765E-16 1.26015987E-16 2.14114866E-17 1.05783703E-17 9.68195251E-18 9.68195251E-18 1.40526900E-17 9.74075239E-17 9.74075239E-17 1.90130284E-16 1.90130284E-16 1.90130284E-16 8.49746343E-17 1.34797517E-13 2.26323451E-15 1.31602777E-15 1.09776326E-16 1.09776326E-16 1.47049360E-16 1.47049360E-16 1.95962206E-17 3.65247921E-13
Ureters    2.31162024E-18 3.63806215E-17 3.63806215E-17 2.37955252E-16 1.06579984E-15 7.84473673E-16 7.88799550E-16 8.32651120E-16 2.07241529E-18 1.59243525E-18 1.59243525E-18 2.45213111E-18 1.63309849E-17 1.63309849E-17 3.29167159E-17 3.29167159E-17 3.29183181E-17 1.39208308E-17 1.34773484E-13 2.20010875E-16 8.17206139E-16 1.45315805E-16 1.45315805E-16 2.52919580E-16 2.52919580E-16 7.06944353E-16 3.65558952E-13
UB-wall    2.31786872E-19 1.90274480E-18 1.90274480E-18 1.30112753E-17 6.39717028E-16 2.26563777E-16 2.82367584E-16 1.54736603E-15 4.33677132E-19 1.79155375E-19 1.79155375E-19 2.65160209E-19 1.15348696E-18 1.15348696E-18 2.28021758E-18 2.28021758E-18 2.28021758E-18 1.05775692E-18 9.07328566E-14 1.08922366E-17 3.00007547E-17 1.15693164E-16 1.15693164E-16 1.26860334E-16 1.26860334E-16 2.48353377E-13 3.69219172E-13
Ovaries    2.40935300E-19 1.94440138E-18 1.94440138E-18 1.24617287E-17 7.35046529E-16 1.78690744E-16 1.85612146E-16 2.53736690E-15 3.39853676E-19 1.32504802E-19 1.32504802E-19 2.12192254E-19 1.14047729E-18 1.14047729E-18 2.29319521E-18 2.29319521E-18 2.29335542E-18 1.33925933E-18 5.85851854E-13 1.12874936E-17 3.23447389E-17 1.22236453E-16 1.22236453E-16 1.42689838E-16 1.42689838E-16 1.63998785E-15 3.50388069E-13
Testes     0.00000000E+00 0.00000000E+00 0.00000000E+00 0.00000000E+00 0.00000000E+00 0.00000000E+00 0.00000000E+00 0.00000000E+00 0.00000000E+00 0.00000000E+00 0.00000000E+00 0.00000000E+00 0.00000000E+00 0.00000000E+00 0.00000000E+00 0.00000000E+00 0.00000000E+00 0.00000000E+00 0.00000000E+00 0.00000000E+00 0.00000000E+00 0.00000000E+00 0.00000000E+00 0.00000000E+00 0.00000000E+00 0.00000000E+00 0.00000000E+00
Prostate   0.00000000E+00 0.00000000E+00 0.00000000E+00 0.00000000E+00 0.00000000E+00 0.00000000E+00 0.00000000E+00 0.00000000E+00 0.00000000E+00 0.00000000E+00 0.00000000E+00 0.00000000E+00 0.00000000E+00 0.00000000E+00 0.00000000E+00 0.00000000E+00 0.00000000E+00 0.00000000E+00 0.00000000E+00 0.00000000E+00 0.00000000E+00 0.00000000E+00 0.00000000E+00 0.00000000E+00 0.00000000E+00 0.00000000E+00 0.00000000E+00
Uterus     2.26019037E-19 1.86285060E-18 1.86285060E-18 1.26078472E-17 8.10092475E-16 1.68084335E-16 2.16998783E-16 3.05695274E-15 2.46590983E-19 1.41935213E-19 1.41935213E-19 2.18857308E-19 1.18887904E-18 1.18887904E-18 2.32459786E-18 2.32459786E-18 2.32475808E-18 1.02308582E-18 1.34752656E-13 1.08792590E-17 3.14523266E-17 1.10692771E-16 1.10692771E-16 1.27389052E-16 1.27389052E-16 2.99815286E-15 3.65646987E-13
LN-Sys     8.58862728E-17 6.70927426E-16 6.70927426E-16 3.90466432E-16 6.04405058E-16 4.01921994E-16 4.80909294E-16 4.46029912E-16 2.89625444E-17 1.25581797E-16 1.25581797E-16 1.65921397E-16 5.64094298E-16 5.64094298E-16 2.83216738E-16 2.83216738E-16 2.83216738E-16 5.24985169E-16 2.45373329E-13 2.32844309E-16 4.19850348E-16 1.11303201E-16 1.11303201E-16 1.28550630E-16 1.28550630E-16 3.41872419E-16 3.56478022E-13
Skin       5.34229728E-17 5.03371809E-17 5.03371809E-17 5.28493936E-17 4.62740613E-17 4.85571628E-17 4.80733055E-17 4.68252100E-17 7.08915030E-17 4.90282027E-17 4.90282027E-17 5.79779605E-17 5.43201916E-17 5.43201916E-17 6.00495747E-17 6.00495747E-17 6.00495747E-17 5.43169873E-17 2.29127259E-13 5.45717333E-17 5.08562861E-17 6.05222168E-17 6.05222168E-17 5.61258445E-17 5.61258445E-17 5.11975496E-17 3.57550968E-13
Adipose    6.42905359E-17 7.08658682E-17 7.08658682E-17 7.88543202E-17 1.14446671E-16 1.04319313E-16 1.13012723E-16 1.43833792E-16 9.58421975E-17 8.44555292E-17 8.44555292E-17 7.41166843E-17 8.27476090E-17 8.27476090E-17 7.63709466E-17 7.63709466E-17 7.63709466E-17 9.25032617E-17 7.23430749E-14 6.94447377E-17 9.90385395E-17 7.10148706E-17 7.10148706E-17 6.71824645E-17 6.71824645E-17 1.08305528E-16 3.70693815E-13
Muscle     7.74107591E-17 1.07358642E-16 1.07358642E-16 7.30832805E-17 1.12985486E-16 1.28424058E-16 1.29117801E-16 1.49757038E-16 2.95201018E-17 8.95744830E-17 8.95744830E-17 1.27872910E-16 1.06243527E-16 1.06243527E-16 1.04224785E-16 1.04224785E-16 1.04224785E-16 1.09084186E-16 1.08433702E-13 7.52462187E-17 1.18796580E-16 1.27714294E-16 1.27714294E-16 9.80307705E-17 9.80307705E-17 1.33379590E-16 3.67693659E-13
