  T/S       O-cavity       Oesophagus-s   Oesophagus-f   St-cont        SI-cont        RC-cont        LC-cont        RS-cont        ET1-sur        ET2-sur        ET2-seq        LN-ET          Bronchi        Bronchi-q      Brchiole       Brchiole-q     ALV            LN-Th          Blood          C-bone-S       C-bone-V       T-bone-S       T-bone-V       UB-cont        Other          
O-mucosa   8.44875727E-14 1.55089082E-19 1.55089082E-19 9.84889930E-21 0.00000000E+00 0.00000000E+00 3.15132093E-22 0.00000000E+00 1.75085846E-18 1.99663234E-15 1.99663234E-15 9.36584309E-16 5.93061648E-20 5.93061648E-20 3.94551982E-20 3.94551982E-20 3.29631790E-20 9.30063451E-20 2.55803498E-16 3.63021148E-17 3.63021148E-17 1.84586753E-17 1.84586753E-17 0.00000000E+00 5.01719099E-16
Oesophagus 2.13570126E-19 2.50372120E-12 2.06440440E-13 1.37538841E-18 1.01981738E-19 5.02250285E-20 9.47479109E-20 1.02829289E-21 1.90338567E-20 6.36192239E-16 6.36192239E-16 1.47803985E-17 5.13801978E-16 5.13801978E-16 1.88383911E-17 1.88383911E-17 1.88383911E-17 3.12905068E-15 1.25903835E-15 1.90899328E-17 1.90899328E-17 6.93421984E-19 6.93421984E-19 7.19441330E-22 3.47834354E-16
St-stem    1.07150359E-20 1.06410154E-16 1.06410154E-16 4.76359113E-14 1.27634185E-17 4.17575258E-19 3.28766615E-17 2.10077381E-20 5.36777188E-21 4.98292909E-21 4.98292909E-21 1.36529469E-20 3.26811960E-19 3.26811960E-19 7.36328270E-18 7.36328270E-18 7.36328270E-18 1.34672547E-19 1.21316804E-15 9.40749968E-20 9.40749968E-20 7.86812851E-20 7.86812851E-20 8.62067081E-21 3.03973108E-16
SI-stem    6.03011164E-22 6.51829482E-20 6.51829482E-20 5.57301069E-18 7.12007231E-15 1.67539595E-17 5.72553789E-18 1.33272245E-17 1.18682825E-21 5.45813464E-22 5.45813464E-22 2.32603982E-21 3.12648720E-20 3.12648720E-20 4.48224894E-20 4.48224894E-20 4.48224894E-20 1.84442557E-20 1.31291954E-15 1.74861542E-19 1.74861542E-19 1.05490504E-19 1.05490504E-19 1.13413267E-17 3.21305198E-16
RC-stem    2.21901443E-22 3.56724595E-20 3.56724595E-20 1.77264807E-19 2.78105795E-17 2.87254222E-15 5.80436498E-18 6.88423193E-20 1.16361272E-21 7.12119383E-22 7.12119383E-22 3.55362745E-21 2.78410208E-20 2.78410208E-20 3.68612744E-20 3.68612744E-20 3.68612744E-20 1.51319160E-20 1.32275691E-15 1.02177203E-19 1.02177203E-19 9.12167139E-20 9.12167139E-20 8.84850030E-20 3.59521873E-16
LC-stem    2.66682276E-21 8.41559222E-20 8.41559222E-20 3.26171089E-18 1.23857856E-17 2.97267825E-17 3.64399020E-15 5.07265098E-17 2.97251804E-21 1.49697758E-21 1.49697758E-21 3.51982152E-21 6.94431355E-20 6.94431355E-20 9.77984549E-20 9.77984549E-20 9.77984549E-20 2.42409302E-20 1.33791350E-15 9.27291685E-20 9.27291685E-20 3.61322841E-18 3.61322841E-18 3.85099140E-20 3.60046937E-16
RS-stem    0.00000000E+00 6.10269024E-22 6.10269024E-22 8.34317384E-21 3.99678946E-18 3.78001499E-20 6.19353365E-20 1.00666351E-14 0.00000000E+00 0.00000000E+00 0.00000000E+00 0.00000000E+00 5.53167454E-22 5.53167454E-22 1.88784455E-21 1.88784455E-21 1.88784455E-21 0.00000000E+00 1.30425177E-15 2.20090984E-19 2.20090984E-19 1.20864990E-19 1.20864990E-19 3.35720061E-18 3.64075595E-16
ET1-bas    1.83673512E-18 3.67314981E-20 3.67314981E-20 0.00000000E+00 0.00000000E+00 0.00000000E+00 0.00000000E+00 0.00000000E+00 5.90289883E-11 3.77232454E-15 3.77232454E-15 2.12352472E-19 4.99814977E-21 4.99814977E-21 3.39357002E-21 3.39357002E-21 3.39357002E-21 2.08971879E-20 2.27412931E-16 1.09005679E-16 1.09005679E-16 4.78457964E-18 4.78457964E-18 0.00000000E+00 1.77132973E-16
ET2-bas    2.01489715E-15 6.38355178E-16 6.38355178E-16 9.84857887E-21 8.20939210E-22 3.37482455E-21 3.58214619E-21 0.00000000E+00 3.77088258E-15 1.82792315E-12 2.82688019E-12 3.96843094E-14 2.57437718E-16 2.57437718E-16 3.77472780E-20 3.77472780E-20 3.77472780E-20 2.91740317E-17 2.36785663E-16 4.14579188E-17 4.14579188E-17 1.10526145E-17 1.10526145E-17 0.00000000E+00 1.82252622E-16
LN-ET      9.06110912E-16 1.59871579E-17 1.59871579E-17 0.00000000E+00 0.00000000E+00 0.00000000E+00 0.00000000E+00 0.00000000E+00 5.72922290E-20 3.95529309E-14 3.95529309E-14 1.82584032E-12 4.71103974E-16 4.71103974E-16 6.46974887E-20 6.46974887E-20 1.10708793E-19 7.67795016E-17 1.29015262E-16 4.28357906E-19 4.28357906E-19 3.96074049E-17 3.96074049E-17 0.00000000E+00 4.28409036E-17
Bronch-bas 3.24008151E-20 2.23679859E-16 2.23679859E-16 3.99294424E-19 6.53623920E-20 3.97900531E-20 8.17622705E-20 7.18127545E-22 2.22734575E-20 8.91579171E-20 8.91579171E-20 1.31663659E-19 3.70695574E-12 3.94119394E-12 2.52711297E-14 2.71793219E-15 1.70135121E-15 8.95184069E-15 1.16492650E-15 2.12368493E-19 2.12368493E-19 1.80629377E-19 1.80629377E-19 3.86444969E-22 4.68027097E-16
Bronch-sec 3.24008151E-20 2.23679859E-16 2.23679859E-16 3.99294424E-19 6.53623920E-20 3.97900531E-20 8.17622705E-20 7.18127545E-22 2.22734575E-20 8.91579171E-20 8.91579171E-20 1.31663659E-19 4.84177734E-12 3.51181064E-12 2.52711297E-14 2.71793219E-15 1.63534154E-15 8.95184069E-15 1.16492650E-15 2.12368493E-19 2.12368493E-19 1.80629377E-19 1.80629377E-19 3.86444969E-22 4.62617109E-16
Bchiol-sec 3.29631790E-20 1.67763900E-17 1.67763900E-17 3.95497266E-18 7.99518111E-20 5.12696476E-20 1.03136907E-19 2.77272663E-21 1.51283913E-20 5.07777794E-20 5.07777794E-20 1.10708793E-19 2.07241529E-15 2.07241529E-15 6.90073435E-13 5.48905664E-13 2.22350053E-14 2.40198299E-16 1.16492650E-15 1.00491714E-17 1.00491714E-17 7.66545318E-18 7.66545318E-18 1.15595431E-21 2.82812117E-16
AI         3.29631790E-20 1.67763900E-17 1.67763900E-17 3.95497266E-18 7.99518111E-20 5.12696476E-20 1.03136907E-19 2.77272663E-21 1.51283913E-20 5.07777794E-20 5.07777794E-20 1.10708793E-19 2.07241529E-15 2.07241529E-15 2.52711297E-14 2.52711297E-14 2.76022965E-14 2.40198299E-16 3.30224596E-15 1.00491714E-17 1.00491714E-17 7.66545318E-18 7.66545318E-18 1.15595431E-21 2.29279628E-16
LN-Th      9.30063451E-20 3.12760872E-15 3.12760872E-15 1.59067286E-19 2.90650837E-20 1.37851265E-20 3.62572539E-20 0.00000000E+00 2.49090378E-20 2.75462203E-17 2.75462203E-17 7.64222163E-17 1.44700569E-14 1.44700569E-14 2.65416557E-16 2.65416557E-16 2.65416557E-16 1.78162025E-12 6.25874223E-16 6.35150825E-18 6.35150825E-18 4.38211291E-19 4.38211291E-19 0.00000000E+00 3.50525258E-17
R-marrow   1.14477112E-17 4.27044121E-18 4.27044121E-18 2.10237599E-19 2.66890559E-19 1.81110030E-19 2.17767828E-19 3.41247570E-19 3.58615163E-18 6.65079482E-18 6.65079482E-18 1.37668617E-17 4.99895086E-19 4.99895086E-19 1.40574965E-17 1.40574965E-17 1.40574965E-17 1.53267407E-18 8.72721554E-16 5.48280816E-16 3.30545031E-16 4.16293517E-15 3.78786565E-15 3.88704038E-19 4.49707857E-16
Endost-BS  1.89329195E-17 1.92405374E-18 1.92405374E-18 7.37545924E-20 1.03093648E-19 7.07633289E-20 8.05590359E-20 1.71769341E-19 7.20098222E-18 1.11698938E-17 1.11698938E-17 6.56684077E-18 1.75214021E-19 1.75214021E-19 4.76070721E-18 4.76070721E-18 4.76070721E-18 4.93790793E-19 3.35287473E-16 1.76015109E-15 3.41936506E-16 9.29406558E-15 8.90457648E-15 2.13121516E-19 3.50301875E-16
Brain      3.93318306E-19 1.60377866E-20 1.60377866E-20 1.18479349E-21 5.58070114E-23 4.41143274E-22 3.73178947E-22 1.30595008E-23 4.01184992E-19 5.42080393E-17 5.42080393E-17 1.31887964E-19 7.49962792E-21 7.49962792E-21 6.50467632E-21 6.50467632E-21 6.50467632E-21 1.32927777E-20 2.48353377E-16 3.54129069E-17 3.54129069E-17 9.77519918E-18 9.77519918E-18 0.00000000E+00 4.91024240E-16
Eye-lens   4.59584325E-19 0.00000000E+00 0.00000000E+00 0.00000000E+00 0.00000000E+00 0.00000000E+00 0.00000000E+00 0.00000000E+00 1.13480558E-17 2.96386628E-18 2.96386628E-18 8.00912004E-20 0.00000000E+00 0.00000000E+00 0.00000000E+00 0.00000000E+00 0.00000000E+00 0.00000000E+00 2.33276897E-16 3.66914437E-20 3.66914437E-20 1.97356100E-20 1.97356100E-20 0.00000000E+00 4.54970079E-16
P-gland    1.43921912E-18 0.00000000E+00 0.00000000E+00 0.00000000E+00 0.00000000E+00 0.00000000E+00 0.00000000E+00 0.00000000E+00 1.31790231E-18 4.99718846E-15 4.99718846E-15 2.82159301E-19 0.00000000E+00 0.00000000E+00 0.00000000E+00 0.00000000E+00 1.02675480E-20 2.20299267E-20 2.34318311E-16 1.03212209E-17 1.03212209E-17 2.43194369E-18 2.43194369E-18 0.00000000E+00 4.83522883E-16
Tongue     3.55731245E-13 2.20155071E-19 2.20155071E-19 4.87910806E-21 2.14066800E-21 5.92725191E-21 2.22558336E-22 0.00000000E+00 1.27167952E-18 9.87629652E-16 9.87629652E-16 4.63333418E-16 7.83047736E-20 7.83047736E-20 5.00023260E-20 5.00023260E-20 5.00023260E-20 1.48645128E-19 2.51878166E-16 1.91428047E-17 1.91428047E-17 9.75725481E-18 9.75725481E-18 0.00000000E+00 2.16256264E-16
Tonsils    5.42256632E-18 3.16445878E-20 3.16445878E-20 0.00000000E+00 0.00000000E+00 0.00000000E+00 0.00000000E+00 0.00000000E+00 4.21596721E-19 7.47191026E-17 7.47191026E-17 1.22920582E-18 1.08581103E-20 1.08581103E-20 7.29871499E-21 7.29871499E-21 7.29871499E-21 7.81749973E-20 2.42168976E-16 3.08194669E-17 3.08194669E-17 1.74268736E-17 1.74268736E-17 0.00000000E+00 4.85089883E-16
S-glands   0.00000000E+00 2.30024478E-19 2.30024478E-19 4.43866974E-21 6.50419567E-22 1.77665351E-22 3.96426528E-21 0.00000000E+00 1.83609425E-19 1.48875841E-18 1.48875841E-18 3.26395394E-18 7.35799552E-20 7.35799552E-20 3.23879977E-20 3.23879977E-20 3.23879977E-20 1.78210091E-19 2.46302591E-16 1.26253109E-17 1.26253109E-17 7.37577968E-19 7.37577968E-19 0.00000000E+00 4.91576148E-16
Thyroid    2.54297452E-19 8.97411094E-16 8.97411094E-16 1.83593404E-20 3.98060748E-21 4.24224290E-23 3.75822539E-21 5.45605181E-23 3.46710992E-20 1.47092619E-18 1.47092619E-18 3.87374231E-18 1.13480558E-16 1.13480558E-16 6.14546835E-19 6.14546835E-19 6.14546835E-19 2.42617585E-15 7.85066479E-16 3.05406882E-19 3.05406882E-19 1.00289839E-19 1.00289839E-19 0.00000000E+00 4.41455197E-16
Breast     1.69974904E-20 7.87934375E-20 7.87934375E-20 2.49506944E-19 3.44131488E-20 2.91932578E-20 8.90217321E-20 0.00000000E+00 8.28341266E-19 6.17302579E-21 6.17302579E-21 3.01737898E-20 3.41888441E-19 3.41888441E-19 3.75822539E-19 3.75822539E-19 3.75822539E-19 8.71103356E-20 2.50932881E-16 4.16405669E-20 4.16405669E-20 5.83560742E-20 5.83560742E-20 0.00000000E+00 4.94920165E-16
Thymus     1.12897366E-19 2.54345517E-18 2.54345517E-18 9.47879653E-20 1.04724664E-20 1.92517527E-20 1.51726113E-20 0.00000000E+00 2.12048058E-20 2.48801987E-19 2.48801987E-19 6.74964910E-19 3.10501803E-18 3.10501803E-18 1.19995008E-16 1.19995008E-16 1.19995008E-16 2.39557428E-17 2.52567101E-16 3.09732758E-17 3.09732758E-17 2.43498782E-18 2.43498782E-18 0.00000000E+00 4.87054225E-16
Ht-wall    2.35455857E-20 3.81125743E-16 3.81125743E-16 9.47382979E-17 1.48396791E-19 5.92821322E-20 1.80949812E-19 3.97451921E-21 1.35564959E-20 3.51405369E-20 3.51405369E-20 8.01312548E-20 4.97619995E-17 4.97619995E-17 1.08384035E-16 1.08384035E-16 1.08384035E-16 5.25081300E-16 1.52528804E-15 1.61082824E-19 1.61082824E-19 1.69141772E-19 1.69141772E-19 1.81110030E-21 4.29789951E-16
Adrenals   5.31538071E-21 3.94279612E-19 3.94279612E-19 1.01967318E-18 8.22669561E-19 3.02538986E-19 4.81101556E-19 3.24024173E-20 0.00000000E+00 0.00000000E+00 0.00000000E+00 6.32859712E-22 1.40091108E-19 1.40091108E-19 2.55723389E-19 2.55723389E-19 2.55723389E-19 1.18706858E-19 1.02390293E-15 2.25266014E-19 2.25266014E-19 1.25160425E-19 1.25160425E-19 9.28557405E-21 4.17071010E-16
Liver      1.01353685E-20 9.05822520E-18 9.05822520E-18 8.49137516E-18 1.37338568E-18 2.53480342E-18 2.68172300E-19 1.02835698E-20 7.54817387E-21 7.18207654E-21 7.18207654E-21 1.77425024E-20 1.79219462E-18 1.79219462E-18 2.15893282E-17 2.15893282E-17 2.15893282E-17 1.79491832E-19 1.32306132E-15 1.30005407E-18 1.30005407E-18 3.22678344E-18 3.22678344E-18 8.05590359E-21 3.93788970E-16
Pancreas   3.42593398E-21 3.01769941E-19 3.01769941E-19 8.42873006E-18 1.59105738E-16 1.58823755E-18 1.31408913E-18 3.70006638E-20 2.21741226E-21 5.98124526E-21 5.98124526E-21 3.42913834E-21 1.30099935E-19 1.30099935E-19 1.49311633E-19 1.49311633E-19 1.49311633E-19 7.14778996E-20 1.07054229E-15 1.10734428E-19 1.10734428E-19 8.92043803E-20 8.92043803E-20 2.23279315E-20 4.15602139E-16
Kidneys    2.11102774E-21 1.38617105E-19 1.38617105E-19 5.59512073E-19 4.07177132E-18 8.16933769E-19 7.63773553E-19 4.90025679E-20 1.45942256E-21 2.37634817E-21 2.37634817E-21 6.75093085E-21 7.47783832E-20 7.47783832E-20 1.29114597E-19 1.29114597E-19 1.29114597E-19 4.25185596E-20 1.46435727E-15 1.31601174E-19 1.31601174E-19 1.28460909E-19 1.28460909E-19 1.77328894E-20 3.79876147E-16
Spleen     6.69918055E-21 4.27877253E-19 4.27877253E-19 1.86285060E-18 6.24352155E-19 4.57853975E-20 1.20136000E-18 1.40980316E-20 1.41066833E-21 4.71776888E-21 4.71776888E-21 1.59895611E-20 3.83016311E-19 3.83016311E-19 3.37850956E-17 3.37850956E-17 3.37850956E-17 1.97452230E-19 1.88624238E-15 2.42857912E-19 2.42857912E-19 3.37818912E-19 3.37818912E-19 7.09267509E-21 3.39936808E-16
GB-wall    4.26403250E-21 2.97764500E-19 2.97764500E-19 4.19305608E-19 1.27153533E-17 1.40775237E-16 3.21572843E-19 2.31162024E-20 4.35103069E-21 1.97340078E-21 1.97340078E-21 1.42401446E-20 1.15906254E-19 1.15906254E-19 1.65921397E-19 1.65921397E-19 1.65921397E-19 7.51484859E-20 2.58623329E-16 8.78777781E-20 8.78777781E-20 1.06416562E-19 1.06416562E-19 5.92965518E-21 4.63324413E-16
Ureters    0.00000000E+00 2.72850656E-20 2.72850656E-20 1.71657189E-19 5.95496957E-17 6.74404149E-19 4.10894182E-19 7.25593687E-19 0.00000000E+00 0.00000000E+00 0.00000000E+00 0.00000000E+00 2.88151441E-20 2.88151441E-20 1.76591892E-20 1.76591892E-20 2.51349447E-20 1.09350147E-20 2.31995155E-16 2.13185603E-19 2.13185603E-19 1.36372456E-19 1.36372456E-19 1.56950811E-18 4.85109636E-16
UB-wall    0.00000000E+00 4.15732755E-22 4.15732755E-22 7.35094594E-21 7.42176214E-18 4.41896297E-20 2.58847633E-20 1.92293222E-18 0.00000000E+00 0.00000000E+00 0.00000000E+00 0.00000000E+00 1.84666862E-22 1.84666862E-22 1.58820551E-22 1.58820551E-22 9.35110307E-22 0.00000000E+00 1.20188871E-16 1.27712692E-18 1.27712692E-18 2.80733364E-19 2.80733364E-19 5.55202218E-15 4.82109248E-16
Ovaries    0.00000000E+00 0.00000000E+00 0.00000000E+00 0.00000000E+00 0.00000000E+00 0.00000000E+00 0.00000000E+00 0.00000000E+00 0.00000000E+00 0.00000000E+00 0.00000000E+00 0.00000000E+00 0.00000000E+00 0.00000000E+00 0.00000000E+00 0.00000000E+00 0.00000000E+00 0.00000000E+00 0.00000000E+00 0.00000000E+00 0.00000000E+00 0.00000000E+00 0.00000000E+00 0.00000000E+00 0.00000000E+00
Testes     0.00000000E+00 0.00000000E+00 0.00000000E+00 0.00000000E+00 8.01697071E-21 3.81990918E-22 3.89088560E-21 3.10213411E-20 0.00000000E+00 0.00000000E+00 0.00000000E+00 0.00000000E+00 0.00000000E+00 0.00000000E+00 0.00000000E+00 0.00000000E+00 0.00000000E+00 0.00000000E+00 3.32852165E-16 3.63854280E-20 3.63854280E-20 1.30314627E-20 1.30314627E-20 1.48281434E-19 4.82448205E-16
Prostate   0.00000000E+00 0.00000000E+00 0.00000000E+00 9.16797429E-22 5.97435590E-20 1.07373062E-20 1.16108128E-21 5.83368481E-19 0.00000000E+00 0.00000000E+00 0.00000000E+00 0.00000000E+00 0.00000000E+00 0.00000000E+00 0.00000000E+00 0.00000000E+00 4.60353370E-22 0.00000000E+00 2.41399931E-16 2.32780222E-19 2.32780222E-19 2.24881492E-19 2.24881492E-19 2.31129980E-16 4.90349549E-16
Uterus     0.00000000E+00 0.00000000E+00 0.00000000E+00 0.00000000E+00 0.00000000E+00 0.00000000E+00 0.00000000E+00 0.00000000E+00 0.00000000E+00 0.00000000E+00 0.00000000E+00 0.00000000E+00 0.00000000E+00 0.00000000E+00 0.00000000E+00 0.00000000E+00 0.00000000E+00 0.00000000E+00 0.00000000E+00 0.00000000E+00 0.00000000E+00 0.00000000E+00 0.00000000E+00 0.00000000E+00 0.00000000E+00
LN-Sys     5.54369086E-20 4.01585536E-16 4.01585536E-16 3.56035659E-17 3.47207666E-17 1.16124150E-17 1.33104016E-17 4.70431060E-17 1.14223968E-20 8.95280199E-20 8.95280199E-20 2.42457368E-19 1.18349573E-17 1.18349573E-17 9.65711878E-17 9.65711878E-17 9.65711878E-17 1.88111541E-17 7.57717326E-16 1.59809094E-17 1.59809094E-17 2.61907790E-18 2.61907790E-18 1.84442557E-17 4.71465572E-16
Skin       4.52166248E-20 3.86989709E-20 3.86989709E-20 4.28774471E-20 4.10782030E-20 4.73907783E-20 5.76334926E-20 5.32867878E-20 5.60601553E-17 1.98157188E-19 1.98157188E-19 7.90593988E-20 1.02638630E-19 1.02638630E-19 5.07168967E-20 5.07168967E-20 5.07168967E-20 1.09109821E-18 2.49763293E-16 1.66113658E-18 1.66113658E-18 4.50323745E-19 4.50323745E-19 3.86957665E-20 4.62959277E-16
Adipose    8.41014482E-18 3.32323447E-17 3.32323447E-17 3.54545635E-18 5.84105482E-18 6.70943447E-18 9.86059519E-18 7.00920170E-18 5.67731238E-17 6.60481235E-17 6.60481235E-17 5.84329787E-17 2.29607912E-17 2.29607912E-17 2.41143583E-17 2.41143583E-17 2.41143583E-17 7.41407169E-17 1.01310426E-16 1.43915503E-17 1.43915503E-17 3.11671392E-18 3.11671392E-18 3.41263592E-18 5.05450467E-16
Muscle     1.77889655E-17 2.86260873E-18 2.86260873E-18 6.77768719E-20 1.32254862E-19 1.52857250E-19 1.00648727E-19 1.44328864E-18 9.26506619E-20 1.09486332E-17 1.09486332E-17 3.67411112E-17 4.57902040E-19 4.57902040E-19 2.63125444E-18 2.63125444E-18 2.63125444E-18 5.44595810E-18 1.48169282E-16 2.69870607E-17 2.69870607E-17 5.11735170E-18 5.11735170E-18 2.10029316E-19 4.99703432E-16
