  T/S       O-cavity       Oesophagus-s   Oesophagus-f   St-cont        SI-cont        RC-cont        LC-cont        RS-cont        ET1-sur        ET2-sur        ET2-seq        LN-ET          Bronchi        Bronchi-q      Brchiole       Brchiole-q     ALV            LN-Th          Blood          C-bone-S       C-bone-V       T-bone-S       T-bone-V       UB-cont        Other          
O-mucosa   8.44875727E-14 4.40246055E-19 4.40246055E-19 2.02787478E-21 0.00000000E+00 3.39212806E-22 0.00000000E+00 0.00000000E+00 3.46070121E-18 2.83617282E-15 2.83617282E-15 6.57837644E-15 4.10557725E-19 4.10557725E-19 6.78585829E-20 6.78585829E-20 6.78585829E-20 4.62964918E-19 2.45453438E-16 2.25970972E-16 2.25970972E-16 3.46470665E-17 3.46470665E-17 0.00000000E+00 5.78354981E-16
Oesophagus 4.24240312E-19 2.69614259E-12 2.22301988E-13 6.48737281E-19 4.53592185E-20 2.08250900E-20 5.75149315E-21 0.00000000E+00 3.45156881E-20 8.77912606E-16 8.77912606E-16 3.10966434E-18 3.84490313E-15 3.84490313E-15 6.41703727E-17 6.41703727E-17 6.41703727E-17 3.07217341E-15 1.43769705E-15 4.28101557E-17 4.28101557E-17 8.74067382E-19 8.74067382E-19 8.99766293E-23 4.37772374E-16
St-stem    8.60849426E-21 5.87165639E-17 5.87165639E-17 4.76359113E-14 3.95096722E-17 1.16665685E-19 2.79595819E-19 8.90393561E-21 5.63517514E-21 5.69141153E-21 5.69141153E-21 1.69814686E-20 9.96153231E-20 9.96153231E-20 2.24304708E-17 2.24304708E-17 2.24304708E-17 7.84633891E-20 1.39870007E-15 1.13759337E-19 1.13759337E-19 1.31016380E-19 1.31016380E-19 9.64510245E-21 3.81197178E-16
SI-stem    1.91908700E-21 3.94503916E-20 3.94503916E-20 1.28468919E-17 7.66721558E-15 2.85091284E-17 6.38146895E-17 6.67851247E-17 1.82023271E-21 1.57711845E-21 1.57711845E-21 2.08266922E-21 1.15951115E-20 1.15951115E-20 3.13401743E-20 3.13401743E-20 3.13401743E-20 1.01195069E-20 1.51122093E-15 2.09516619E-19 2.09516619E-19 2.89673509E-19 2.89673509E-19 3.49610931E-17 4.02652827E-16
RC-stem    5.16349438E-22 1.18277475E-20 1.18277475E-20 7.24263881E-20 7.72329176E-18 3.25466132E-15 2.96883303E-18 1.62252413E-19 8.27395981E-22 0.00000000E+00 0.00000000E+00 2.94175625E-22 1.00028685E-20 1.00028685E-20 1.31291954E-20 1.31291954E-20 1.31291954E-20 7.54753299E-21 1.44357704E-15 1.61002715E-19 1.61002715E-19 1.59033640E-19 1.59033640E-19 3.56612442E-19 4.57341081E-16
LC-stem    1.77777503E-22 7.35463095E-21 7.35463095E-21 1.82503924E-19 1.40313810E-17 1.65552896E-17 3.95849745E-15 5.30688918E-17 4.40678643E-23 6.02722773E-23 6.02722773E-23 0.00000000E+00 3.36777498E-21 3.36777498E-21 9.54817077E-21 9.54817077E-21 9.54817077E-21 4.44668062E-21 1.47227202E-15 1.76031131E-19 1.76031131E-19 1.52663387E-19 1.52663387E-19 4.84578278E-19 4.54847870E-16
RS-stem    0.00000000E+00 0.00000000E+00 0.00000000E+00 7.37289576E-21 4.83649016E-17 1.75310151E-19 8.34637819E-19 1.09279652E-14 0.00000000E+00 0.00000000E+00 0.00000000E+00 0.00000000E+00 0.00000000E+00 0.00000000E+00 1.86317104E-21 1.86317104E-21 1.07470794E-21 0.00000000E+00 1.46951627E-15 1.90146305E-19 1.90146305E-19 1.18895915E-18 1.18895915E-18 1.22018557E-16 4.59332472E-16
ET1-bas    3.43250291E-18 2.46623027E-20 2.46623027E-20 0.00000000E+00 0.00000000E+00 0.00000000E+00 0.00000000E+00 0.00000000E+00 6.82783532E-11 1.32725902E-16 1.32725902E-16 3.38091282E-19 3.84073747E-20 3.84073747E-20 1.38569040E-20 1.38569040E-20 1.38569040E-20 9.72569193E-21 2.00720670E-16 8.87253295E-17 8.87253295E-17 4.89737287E-18 4.89737287E-18 0.00000000E+00 2.33475644E-16
ET2-bas    2.85155371E-15 8.71856379E-16 8.71856379E-16 5.18512376E-21 0.00000000E+00 0.00000000E+00 0.00000000E+00 0.00000000E+00 1.33764113E-16 2.11455253E-12 3.26956156E-12 8.93309522E-15 1.57894493E-15 1.57894493E-15 8.52854566E-20 8.52854566E-20 8.52854566E-20 2.32267525E-15 2.13121516E-16 3.85916250E-17 3.85916250E-17 8.16405051E-18 8.16405051E-18 0.00000000E+00 2.33875674E-16
LN-ET      6.66745745E-15 2.63189532E-18 2.63189532E-18 0.00000000E+00 0.00000000E+00 0.00000000E+00 0.00000000E+00 0.00000000E+00 1.98461601E-19 8.92604564E-15 8.92604564E-15 2.24016316E-12 4.83456755E-17 4.83456755E-17 1.58658731E-19 1.58658731E-19 1.58658731E-19 1.04985819E-17 2.50804707E-17 4.74708871E-18 4.74708871E-18 2.36689532E-19 2.36689532E-19 0.00000000E+00 7.48999258E-17
Bronch-bas 4.90394179E-20 1.55041016E-15 1.55041016E-15 2.19722483E-19 1.78947092E-20 0.00000000E+00 1.13076810E-20 0.00000000E+00 3.18624838E-20 8.14658678E-20 8.14658678E-20 1.03627173E-19 4.12672598E-12 4.38595813E-12 3.20787776E-14 2.69646303E-15 1.89361239E-15 3.24008151E-14 1.41198212E-15 2.27284756E-19 2.27284756E-19 1.61996065E-19 1.61996065E-19 0.00000000E+00 5.63736450E-16
Bronch-sec 4.90394179E-20 1.55041016E-15 1.55041016E-15 2.19722483E-19 1.78947092E-20 0.00000000E+00 1.13076810E-20 0.00000000E+00 3.18624838E-20 8.14658678E-20 8.14658678E-20 1.03627173E-19 5.38795931E-12 3.90770845E-12 3.20787776E-14 2.69646303E-15 1.81975205E-15 3.24008151E-14 1.41198212E-15 2.27284756E-19 2.27284756E-19 1.61996065E-19 1.61996065E-19 0.00000000E+00 5.58332390E-16
Bchiol-sec 6.81453725E-20 5.72137224E-17 5.72137224E-17 7.68772344E-19 4.14034448E-20 1.13523817E-20 1.03377233E-20 1.57106222E-21 2.97572239E-20 7.61610615E-20 7.61610615E-20 1.40764022E-19 1.33377988E-15 1.33377988E-15 7.17694957E-13 5.70871504E-13 2.31258154E-14 5.44836136E-16 1.41198212E-15 2.08715531E-17 2.08715531E-17 1.37926567E-17 1.37926567E-17 6.23999676E-22 3.10864505E-16
AI         6.81453725E-20 5.72137224E-17 5.72137224E-17 7.68772344E-19 4.14034448E-20 1.13523817E-20 1.03377233E-20 1.57106222E-21 2.97572239E-20 7.61610615E-20 7.61610615E-20 1.40764022E-19 1.33377988E-15 1.33377988E-15 3.20787776E-14 3.20787776E-14 3.37370303E-14 5.44836136E-16 4.08699200E-15 2.08715531E-17 2.08715531E-17 1.37926567E-17 1.37926567E-17 6.23999676E-22 2.81248137E-16
LN-Th      5.11751192E-19 3.05791404E-15 3.05791404E-15 7.50459467E-20 9.83175601E-22 0.00000000E+00 0.00000000E+00 0.00000000E+00 2.13810452E-20 2.32748178E-15 2.32748178E-15 1.08404863E-17 6.28613945E-14 6.28613945E-14 5.95304696E-16 5.95304696E-16 5.95304696E-16 2.15124237E-12 8.88118470E-16 1.85323754E-19 1.85323754E-19 1.53937117E-19 1.53937117E-19 0.00000000E+00 7.16250293E-17
R-marrow   1.48811754E-17 3.31201923E-18 3.31201923E-18 2.96755129E-19 4.24368486E-19 3.39885720E-19 3.35816192E-19 5.08562861E-19 1.87694975E-18 3.25802589E-18 3.25802589E-18 4.61555002E-19 6.53768116E-19 6.53768116E-19 5.56564068E-17 5.56564068E-17 5.56564068E-17 6.55081900E-19 1.15766864E-15 6.48817390E-16 3.55667158E-16 5.23703428E-15 4.79114857E-15 1.95529618E-18 4.90260056E-16
Endost-BS  2.39541407E-17 1.19523968E-18 1.19523968E-18 1.09074573E-19 1.86108821E-19 1.54220702E-19 1.59868374E-19 2.61619399E-19 3.82247266E-18 6.12079483E-18 6.12079483E-18 2.99991525E-19 2.45149024E-19 2.45149024E-19 1.93398724E-17 1.93398724E-17 1.93398724E-17 2.49250596E-19 4.38275378E-16 2.39124841E-15 4.69822233E-16 1.24641320E-14 1.16002384E-14 1.10152838E-18 3.58111152E-16
Brain      3.76703736E-19 2.82944368E-20 2.82944368E-20 9.20562544E-22 1.63598241E-22 1.01924059E-22 3.01161114E-23 0.00000000E+00 4.23855790E-19 3.61595211E-18 3.61595211E-18 2.32860331E-19 2.70863957E-20 2.70863957E-20 1.04878473E-20 1.04878473E-20 1.04878473E-20 3.37722782E-20 2.79051079E-16 5.77921081E-17 5.77921081E-17 2.36305010E-17 2.36305010E-17 0.00000000E+00 5.90956021E-16
Eye-lens   1.30269766E-18 0.00000000E+00 0.00000000E+00 0.00000000E+00 0.00000000E+00 0.00000000E+00 0.00000000E+00 0.00000000E+00 6.37233654E-18 5.80933172E-19 5.80933172E-19 3.32163229E-21 0.00000000E+00 0.00000000E+00 0.00000000E+00 0.00000000E+00 0.00000000E+00 4.06231848E-21 2.02146607E-16 1.82071336E-19 1.82071336E-19 1.00792923E-19 1.00792923E-19 0.00000000E+00 5.41842100E-16
P-gland    2.57165348E-18 3.72778403E-21 3.72778403E-21 0.00000000E+00 0.00000000E+00 0.00000000E+00 0.00000000E+00 0.00000000E+00 7.78753903E-19 3.71849141E-18 3.71849141E-18 5.58246353E-19 0.00000000E+00 0.00000000E+00 0.00000000E+00 0.00000000E+00 1.88592194E-20 2.63317706E-20 2.50019641E-16 3.79010870E-16 3.79010870E-16 1.05279017E-16 1.05279017E-16 0.00000000E+00 5.76923448E-16
Tongue     4.07337350E-13 4.75942547E-19 4.75942547E-19 4.59840674E-21 2.79595819E-21 2.73619700E-22 0.00000000E+00 0.00000000E+00 2.04325567E-18 1.18878291E-15 1.18878291E-15 2.47327984E-15 4.51156877E-19 4.51156877E-19 6.45613037E-20 6.45613037E-20 6.45613037E-20 5.26891760E-19 2.34398420E-16 3.86140555E-17 3.86140555E-17 1.29112994E-17 1.29112994E-17 0.00000000E+00 1.87303134E-16
Tonsils    1.07799241E-14 1.61467346E-19 1.61467346E-19 0.00000000E+00 0.00000000E+00 0.00000000E+00 0.00000000E+00 0.00000000E+00 1.38362359E-18 9.55810427E-17 9.55810427E-17 5.86540790E-18 1.74220671E-19 1.74220671E-19 5.95641153E-21 5.95641153E-21 5.95641153E-21 2.02354890E-19 2.19337961E-16 9.78417137E-18 9.78417137E-18 1.04144676E-18 1.04144676E-18 0.00000000E+00 5.93074967E-16
S-glands   0.00000000E+00 3.72201620E-19 3.72201620E-19 4.17190735E-21 6.59359711E-22 0.00000000E+00 0.00000000E+00 0.00000000E+00 3.68644788E-19 4.74772958E-18 4.74772958E-18 8.91467019E-16 3.10389651E-19 3.10389651E-19 6.13024767E-20 6.13024767E-20 6.13024767E-20 4.38531726E-19 2.22734575E-16 5.33332509E-17 5.33332509E-17 5.99934986E-18 5.99934986E-18 0.00000000E+00 5.93631452E-16
Thyroid    8.33964905E-19 5.51228820E-16 5.51228820E-16 2.07722182E-20 1.01308824E-21 0.00000000E+00 0.00000000E+00 0.00000000E+00 8.83199788E-20 2.02979739E-18 2.02979739E-18 3.76223083E-18 1.95673814E-16 1.95673814E-16 6.92380569E-19 6.92380569E-19 6.92380569E-19 6.82719445E-15 9.17614539E-16 2.74260571E-19 2.74260571E-19 1.63197697E-19 1.63197697E-19 0.00000000E+00 5.39456490E-16
Breast     9.99133279E-20 2.21917465E-19 2.21917465E-19 1.57844825E-19 2.25025688E-20 6.36288370E-21 5.14667153E-21 5.48681360E-22 1.00222548E-18 6.12031418E-20 6.12031418E-20 1.36591954E-19 2.76103074E-19 2.76103074E-19 6.12431962E-19 6.12431962E-19 6.12431962E-19 2.82527802E-19 2.27813475E-16 5.51389038E-20 5.51389038E-20 4.86773260E-20 4.86773260E-20 8.24271737E-22 5.93808607E-16
Thymus     2.46558940E-19 3.07617886E-18 3.07617886E-18 6.82431053E-20 2.58270850E-21 5.65952822E-22 3.79010870E-22 0.00000000E+00 5.60633596E-20 3.59848839E-19 3.59848839E-19 5.74204031E-19 5.99630572E-18 5.99630572E-18 1.93110332E-16 1.93110332E-16 1.93110332E-16 7.41375126E-18 2.32716135E-16 2.66425928E-17 2.66425928E-17 1.48359941E-17 1.48359941E-17 0.00000000E+00 5.91672907E-16
Ht-wall    6.03764187E-20 7.88767506E-16 7.88767506E-16 3.88559842E-17 7.64606685E-20 1.40719161E-20 1.75742739E-20 1.17841683E-21 3.84442248E-20 5.14026282E-20 5.14026282E-20 9.99758128E-20 4.44363649E-16 4.44363649E-16 3.77793216E-16 3.77793216E-16 3.77793216E-16 5.80500585E-16 2.26707973E-15 6.86676821E-19 6.86676821E-19 2.58591285E-18 2.58591285E-18 1.26607190E-21 5.14704520E-16
Adrenals   1.04593285E-20 5.38956148E-19 5.38956148E-19 1.80757551E-18 1.55393495E-18 1.70936209E-19 6.78217329E-20 2.40502712E-20 4.40085837E-21 5.63918058E-22 5.63918058E-22 1.64335242E-21 8.41094590E-20 8.41094590E-20 1.92533548E-19 1.92533548E-19 1.92533548E-19 7.44835827E-20 1.18569071E-15 1.45253320E-17 1.45253320E-17 1.66145702E-18 1.66145702E-18 3.20323145E-21 5.18873471E-16
Liver      1.59861966E-20 3.48056820E-17 3.48056820E-17 9.49850330E-18 3.41023265E-18 2.38227622E-18 5.60345205E-20 9.49369677E-21 1.09579259E-20 1.07655045E-20 1.07655045E-20 1.99711299E-20 2.02386934E-19 2.02386934E-19 4.24064073E-17 4.24064073E-17 4.24064073E-17 1.81959184E-19 1.72490321E-15 1.92181070E-18 1.92181070E-18 3.73980036E-18 3.73980036E-18 8.50178931E-21 4.77431274E-16
Pancreas   4.11967640E-21 1.70391469E-19 1.70391469E-19 1.11327233E-17 2.08571335E-16 2.73155069E-18 3.06448297E-19 2.35295639E-20 4.71504518E-21 2.72081611E-21 2.72081611E-21 3.61242733E-21 4.52374531E-20 4.52374531E-20 1.01858370E-19 1.01858370E-19 1.01858370E-19 3.30384813E-20 1.29071338E-15 1.45051446E-19 1.45051446E-19 1.70167165E-19 1.70167165E-19 2.60706158E-20 5.11390339E-16
Kidneys    3.36553193E-21 1.40739989E-19 1.40739989E-19 1.17486000E-18 3.96859116E-18 6.93518114E-18 2.73908092E-19 3.95641462E-20 2.31081915E-21 4.65512378E-21 4.65512378E-21 4.69613950E-21 5.46758748E-20 5.46758748E-20 1.23361181E-19 1.23361181E-19 1.23361181E-19 3.74556819E-20 1.73675931E-15 6.50627850E-19 6.50627850E-19 2.38227622E-19 2.38227622E-19 2.84178043E-20 4.76338824E-16
Spleen     6.28613945E-21 4.94319512E-19 4.94319512E-19 4.55082209E-18 4.73138738E-19 2.36016618E-20 8.73282316E-20 4.52759053E-21 3.34774777E-21 8.93021130E-21 8.93021130E-21 1.51891137E-20 1.86301082E-19 1.86301082E-19 4.10349442E-17 4.10349442E-17 4.10349442E-17 1.78194069E-19 2.30264805E-15 1.58527353E-19 1.58527353E-19 3.06400231E-19 3.06400231E-19 4.74148110E-21 4.29647044E-16
GB-wall    2.76167161E-21 2.51573752E-19 2.51573752E-19 1.09984609E-18 3.83416855E-17 2.76006943E-19 7.04332805E-20 6.59968539E-22 2.61683486E-20 0.00000000E+00 0.00000000E+00 0.00000000E+00 5.45124528E-20 5.45124528E-20 1.73980345E-19 1.73980345E-19 1.73980345E-19 9.87581587E-20 2.45629677E-16 3.31634511E-17 3.31634511E-17 5.43330090E-19 5.43330090E-19 1.45902202E-21 5.45894257E-16
Ureters    0.00000000E+00 3.48008755E-20 3.48008755E-20 2.98213110E-19 1.99679256E-18 1.15020250E-18 1.18118859E-18 3.26844003E-18 0.00000000E+00 0.00000000E+00 0.00000000E+00 0.00000000E+00 9.15275362E-21 9.15275362E-21 2.02691347E-20 2.02691347E-20 2.73651744E-20 1.87855193E-20 2.15797151E-16 2.11599449E-17 2.11599449E-17 1.03157735E-18 1.03157735E-18 1.52439082E-17 5.90939917E-16
UB-wall    0.00000000E+00 0.00000000E+00 0.00000000E+00 7.12087340E-21 3.30849445E-17 2.51461600E-19 3.92885718E-19 1.38782129E-16 0.00000000E+00 0.00000000E+00 0.00000000E+00 0.00000000E+00 0.00000000E+00 0.00000000E+00 0.00000000E+00 0.00000000E+00 3.16654161E-22 0.00000000E+00 1.75550478E-16 2.99078285E-17 2.99078285E-17 9.96601840E-18 9.96601840E-18 7.15099431E-15 5.69933835E-16
Ovaries    0.00000000E+00 0.00000000E+00 0.00000000E+00 0.00000000E+00 2.83649325E-17 1.60826476E-19 1.79956463E-19 5.36360623E-18 0.00000000E+00 0.00000000E+00 0.00000000E+00 0.00000000E+00 0.00000000E+00 0.00000000E+00 0.00000000E+00 0.00000000E+00 1.17822457E-21 0.00000000E+00 9.66849423E-16 3.18833121E-19 3.18833121E-19 1.25203684E-19 1.25203684E-19 3.28237897E-18 5.71960053E-16
Testes     0.00000000E+00 0.00000000E+00 0.00000000E+00 0.00000000E+00 0.00000000E+00 0.00000000E+00 0.00000000E+00 0.00000000E+00 0.00000000E+00 0.00000000E+00 0.00000000E+00 0.00000000E+00 0.00000000E+00 0.00000000E+00 0.00000000E+00 0.00000000E+00 0.00000000E+00 0.00000000E+00 0.00000000E+00 0.00000000E+00 0.00000000E+00 0.00000000E+00 0.00000000E+00 0.00000000E+00 0.00000000E+00
Prostate   0.00000000E+00 0.00000000E+00 0.00000000E+00 0.00000000E+00 0.00000000E+00 0.00000000E+00 0.00000000E+00 0.00000000E+00 0.00000000E+00 0.00000000E+00 0.00000000E+00 0.00000000E+00 0.00000000E+00 0.00000000E+00 0.00000000E+00 0.00000000E+00 0.00000000E+00 0.00000000E+00 0.00000000E+00 0.00000000E+00 0.00000000E+00 0.00000000E+00 0.00000000E+00 0.00000000E+00 0.00000000E+00
Uterus     0.00000000E+00 5.41984262E-23 5.41984262E-23 1.44628471E-20 9.66384792E-17 2.02002411E-19 2.10349751E-19 2.37138142E-16 0.00000000E+00 0.00000000E+00 0.00000000E+00 0.00000000E+00 0.00000000E+00 0.00000000E+00 1.86877865E-22 1.86877865E-22 6.12159592E-22 0.00000000E+00 2.25426232E-16 5.42609111E-19 5.42609111E-19 2.36401141E-19 2.36401141E-19 1.10277808E-16 5.96356860E-16
LN-Sys     8.90537757E-20 5.15788676E-16 5.15788676E-16 1.01491472E-17 5.92917453E-17 2.59136025E-17 4.28694363E-17 3.61194667E-17 2.08218856E-20 2.06808941E-19 2.06808941E-19 3.05054403E-19 3.36729432E-16 3.36729432E-16 8.21019319E-17 8.21019319E-17 8.21019319E-17 1.35731585E-16 8.19753600E-16 8.26114240E-18 8.26114240E-18 3.56275985E-18 3.56275985E-18 9.22549243E-18 5.71000560E-16
Skin       2.46526896E-19 5.43474286E-20 5.43474286E-20 6.36544718E-20 5.24007842E-20 6.04389036E-20 6.08202216E-20 5.27292304E-20 1.63518132E-17 5.78001189E-20 5.78001189E-20 8.57084312E-20 6.71167752E-20 6.71167752E-20 8.06407469E-20 8.06407469E-20 8.06407469E-20 7.06303483E-20 3.47399928E-16 3.96218245E-19 3.96218245E-19 1.99871517E-19 1.99871517E-19 6.73987583E-20 5.48063664E-16
Adipose    1.36154560E-17 1.26563932E-17 1.26563932E-17 4.32635717E-19 2.90314379E-18 1.05724422E-18 1.76848241E-18 4.14162622E-18 1.18697245E-16 6.75990303E-17 6.75990303E-17 4.37826769E-17 4.27877253E-17 4.27877253E-17 1.29870824E-17 1.29870824E-17 1.29870824E-17 8.17254204E-17 1.34281616E-16 8.04068292E-18 8.04068292E-18 2.09404467E-18 2.09404467E-18 1.37314536E-18 6.12561790E-16
Muscle     3.90642671E-17 1.41387268E-17 1.41387268E-17 1.02792439E-19 1.53440442E-19 5.20787467E-19 2.24593100E-19 2.85459785E-19 5.67923499E-18 9.76766895E-18 9.76766895E-18 9.12519618E-17 1.16228291E-17 1.16228291E-17 6.37441937E-18 6.37441937E-18 6.37441937E-18 1.56255466E-17 1.86028712E-16 4.00656274E-17 4.00656274E-17 5.55682871E-18 5.55682871E-18 7.99998763E-19 5.98360534E-16
