  T/S       O-cavity       Oesophagus-s   Oesophagus-f   St-wall        St-cont        SI-cont        RC-wall        RC-cont        LC-cont        RS-cont        ET1-sur        ET2-sur        ET2-seq        LN-ET          Bronchi        Bronchi-q      Brchiole       Brchiole-q     ALV            LN-Th          Blood          Liver          Kidneys        Thyroid        S-glands       T-bone-S       T-bone-V       C-bone-S       C-bone-V       UB-cont        Other          
O-mucosa   7.72649611E-15 1.04876871E-19 1.04876871E-19 1.09241199E-22 4.36705245E-23 6.79851549E-24 3.07842190E-24 2.57501805E-24 1.97292013E-24 1.42125872E-25 9.61273849E-19 5.76831601E-16 5.76831601E-16 1.31378472E-15 1.06413358E-19 1.06413358E-19 1.43372365E-20 1.43372365E-20 1.43372365E-20 1.10595039E-19 1.25013025E-16 3.26107002E-21 1.64367286E-23 2.37250294E-19 1.82551989E-20 6.66745745E-18 6.66745745E-18 4.69197384E-17 4.69197384E-17 4.68780818E-25 3.23416182E-16
Oesophagus 1.21622819E-19 7.96986672E-13 2.23727925E-14 1.14550812E-17 1.74781433E-19 4.99061954E-21 2.14275083E-21 7.42656867E-21 2.47504224E-22 6.52678636E-24 3.89457060E-21 1.81142074E-16 1.81142074E-16 9.05149606E-19 7.88895680E-16 7.88895680E-16 1.42383822E-17 1.42383822E-17 1.42383822E-17 6.33019930E-16 7.44947979E-16 7.24151729E-18 2.25426232E-20 1.15095552E-16 1.17745552E-19 1.16837118E-19 1.16837118E-19 8.92973065E-18 8.92973065E-18 5.61979425E-24 2.59468628E-16
St-stem    2.89449204E-21 1.21348847E-17 1.21348847E-17 8.04981532E-14 1.15752445E-14 8.02594289E-18 2.84915045E-20 2.50275989E-20 7.05918960E-20 4.19626044E-22 3.06240014E-22 8.04116357E-22 8.04116357E-22 5.63293209E-21 2.30136631E-20 2.30136631E-20 4.75029307E-18 4.75029307E-18 4.75029307E-18 1.64303199E-20 7.38042599E-16 2.46895397E-17 3.37562564E-19 2.86164742E-21 1.59706554E-22 3.06784754E-20 3.06784754E-20 3.21781126E-20 3.21781126E-20 1.37332160E-21 3.12585960E-18
SI-stem    3.44964619E-22 1.05418406E-20 1.05418406E-20 2.88920486E-17 2.65753014E-18 1.33632734E-15 2.56139955E-17 5.83817090E-18 1.29556797E-17 1.36035999E-17 4.72722172E-22 1.73291409E-22 1.73291409E-22 2.23407489E-22 2.53480342E-21 2.53480342E-21 6.99670472E-21 6.99670472E-21 6.99670472E-21 1.89489413E-21 8.01360614E-16 3.40526591E-18 3.21364560E-18 2.41768432E-22 2.18248481E-22 6.75990303E-20 6.75990303E-20 5.21668664E-20 5.21668664E-20 7.17150217E-18 2.45121262E-16
RC-stem    4.28950711E-24 1.86573452E-21 1.86573452E-21 2.79467645E-20 1.33501356E-20 1.62652957E-18 8.71872401E-14 1.62140260E-16 4.79307118E-19 3.54161112E-20 1.74589172E-23 3.08675322E-24 3.08675322E-24 4.91211289E-24 3.79395392E-22 3.79395392E-22 3.46278404E-21 3.46278404E-21 3.46278404E-21 1.72474299E-21 7.71848523E-16 1.10635093E-18 1.49894826E-17 1.01361695E-23 4.84834627E-23 4.30200409E-20 4.30200409E-20 4.60369392E-20 4.60369392E-20 9.39580379E-20 3.86343345E-18
LC-stem    3.09700715E-24 9.00599425E-22 9.00599425E-22 6.99301971E-20 3.92741522E-20 2.86453134E-18 1.36672063E-17 3.23255128E-18 1.79668071E-16 1.05783703E-17 3.91107302E-24 2.04053197E-24 2.04053197E-24 2.83296846E-24 8.57452812E-23 8.57452812E-23 3.09284149E-22 3.09284149E-22 3.09284149E-22 1.74428954E-21 7.79442839E-16 1.25304621E-20 6.37409894E-20 6.68732444E-24 2.05030525E-24 3.63629975E-20 3.63629975E-20 4.63878158E-20 4.63878158E-20 1.30795280E-19 2.61900785E-16
RS-stem    1.87022061E-25 6.28597923E-24 6.28597923E-24 3.80052284E-21 9.11366051E-22 9.65022942E-18 5.11302582E-20 4.56716429E-20 1.46690473E-19 4.85683780E-16 3.74508754E-25 2.34991225E-25 2.34991225E-25 5.49722774E-25 3.32451621E-24 3.32451621E-24 6.57869687E-24 6.57869687E-24 3.00231852E-22 2.68861236E-24 7.81974278E-16 8.69885702E-23 2.82688019E-21 7.08963095E-25 2.06584636E-25 2.53576473E-19 2.53576473E-19 4.40726708E-20 4.40726708E-20 2.48241225E-17 2.64735980E-16
ET1-bas    9.05582194E-19 8.71391748E-22 8.71391748E-22 3.59240012E-23 3.04669881E-23 6.49314065E-24 2.05895700E-24 4.74516610E-24 2.96002106E-24 0.00000000E+00 4.94335533E-11 3.14411114E-17 3.14411114E-17 8.76951300E-20 1.29058520E-20 1.29058520E-20 1.22781193E-22 1.22781193E-22 1.22781193E-22 4.99526585E-22 1.10508521E-16 3.56980943E-23 9.89776568E-24 2.70014803E-20 3.66049262E-20 7.96794411E-19 7.96794411E-19 1.91091590E-17 1.91091590E-17 1.01390535E-24 1.75100129E-16
ET2-bas    5.84794418E-16 1.79331614E-16 1.79331614E-16 2.62436509E-23 3.33108513E-22 5.14571022E-24 1.19634518E-24 2.01521759E-24 2.59520547E-24 4.20475197E-25 2.99174415E-17 1.44364112E-12 2.74100353E-12 1.86028712E-15 3.19105491E-16 3.19105491E-16 1.79379679E-20 1.79379679E-20 1.79379679E-20 4.88295328E-16 1.16165806E-16 4.53431968E-23 2.93662928E-22 5.35415338E-19 1.52517589E-18 1.71897515E-18 1.71897515E-18 7.81141146E-18 7.81141146E-18 3.22357909E-26 1.75678695E-16
LN-ET      1.33334729E-15 5.10902038E-19 5.10902038E-19 5.62347925E-21 6.14466726E-23 1.41223846E-23 5.60745749E-25 4.24881183E-24 1.60055829E-24 0.00000000E+00 1.70295339E-20 1.89793827E-15 1.89793827E-15 1.20768859E-12 3.95208874E-18 3.95208874E-18 4.16774170E-20 4.16774170E-20 4.16774170E-20 1.99999691E-18 1.37660606E-17 4.39188619E-21 6.97331294E-22 1.03949210E-18 1.91331916E-16 8.95264177E-21 8.95264177E-21 5.12984868E-19 5.12984868E-19 1.33467710E-24 1.57273055E-17
Bronch-bas 1.92052895E-21 3.12456458E-16 3.12456458E-16 1.76880284E-20 6.53239397E-20 1.75021759E-21 4.92332813E-23 4.80957360E-23 5.08274469E-22 3.11254826E-24 1.16526296E-22 1.82760272E-20 1.82760272E-20 1.86301082E-20 2.86180764E-12 3.44596119E-12 1.68244553E-14 5.90386014E-16 1.88720368E-17 6.33452518E-15 6.73458865E-16 6.08410499E-20 1.38673181E-20 5.87438009E-20 3.69926529E-21 6.31401732E-20 6.31401732E-20 7.19617569E-20 7.19617569E-20 3.88880277E-24 3.15164015E-16
Bronch-sec 1.92052895E-21 3.12456458E-16 3.12456458E-16 1.76880284E-20 6.53239397E-20 1.75021759E-21 4.92332813E-23 4.80957360E-23 5.08274469E-22 3.11254826E-24 1.16526296E-22 1.82760272E-20 1.82760272E-20 1.86301082E-20 4.62612439E-12 2.81422300E-12 1.68244553E-14 5.90386014E-16 1.68981554E-17 6.33452518E-15 6.73458865E-16 6.08410499E-20 1.38673181E-20 5.87438009E-20 3.69926529E-21 6.31401732E-20 6.31401732E-20 7.19617569E-20 7.19617569E-20 3.88880277E-24 3.09022424E-16
Bchiol-sec 1.34837571E-20 1.25123575E-17 1.25123575E-17 4.35055003E-18 1.85756342E-19 9.82614839E-21 2.74548963E-21 1.73291409E-21 2.02723391E-21 1.66081615E-22 6.99462189E-21 1.85035362E-20 1.85035362E-20 3.36344910E-20 2.90955250E-16 2.90955250E-16 7.69060736E-13 5.57621505E-13 8.18888424E-15 1.20510909E-16 6.73458865E-16 8.03090964E-18 2.66233667E-20 1.63470067E-19 1.60409910E-20 2.88616072E-18 2.88616072E-18 4.41431666E-18 4.41431666E-18 2.18825265E-23 1.97701931E-16
AI         1.34837571E-20 1.25123575E-17 1.25123575E-17 4.35055003E-18 1.85756342E-19 9.82614839E-21 2.74548963E-21 1.73291409E-21 2.02723391E-21 1.66081615E-22 6.99462189E-21 1.85035362E-20 1.85035362E-20 3.36344910E-20 2.90955250E-16 2.90955250E-16 1.68244553E-14 1.68244553E-14 1.77152654E-14 1.20510909E-16 2.13361843E-15 8.03090964E-18 2.66233667E-20 1.63470067E-19 1.60409910E-20 2.88616072E-18 2.88616072E-18 4.41431666E-18 4.41431666E-18 2.18825265E-23 1.49797522E-16
LN-Th      9.48985155E-20 6.27844900E-16 6.27844900E-16 1.64303199E-20 2.62068008E-21 6.97683773E-23 1.72089776E-21 3.09989107E-23 2.04982460E-23 2.82031127E-24 5.70807417E-22 4.91643877E-16 4.91643877E-16 2.06600658E-18 1.28866259E-14 1.28866259E-14 1.33831404E-16 1.33831404E-16 1.33831404E-16 1.18855861E-12 2.91660208E-16 1.74044432E-20 4.31353976E-22 1.38588266E-15 6.30280208E-20 3.59191947E-20 3.59191947E-20 2.96434694E-20 2.96434694E-20 3.48521451E-24 1.52632134E-17
R-marrow   2.96066193E-18 6.14562857E-19 6.14562857E-19 1.02210849E-19 7.92997252E-20 1.12993497E-19 9.53903837E-20 8.80636306E-20 8.74548035E-20 1.42430285E-19 3.75085537E-19 6.98789275E-19 6.98789275E-19 1.37072607E-19 1.91492134E-19 1.91492134E-19 1.18607523E-17 1.18607523E-17 1.18607523E-17 1.91460090E-19 6.04453123E-16 2.78442252E-18 1.66530224E-19 1.38001870E-19 5.67715216E-19 2.48898117E-15 1.54936875E-15 2.44091588E-16 7.95256321E-17 4.18200107E-19 2.79247693E-16
Endost-BS  4.77817094E-18 2.24096425E-19 2.24096425E-19 3.68644788E-20 2.88439833E-20 4.92829487E-20 4.35151134E-20 3.98861836E-20 4.15444363E-20 7.15884498E-20 7.61610615E-19 1.26097698E-18 1.26097698E-18 8.63973671E-20 7.14090060E-20 7.14090060E-20 4.12240010E-18 4.12240010E-18 4.12240010E-18 7.21956747E-20 2.29159303E-16 9.70582494E-19 6.14034139E-20 6.37425915E-20 8.17110008E-19 9.50667440E-15 6.12351853E-15 1.93975507E-15 1.16077686E-16 2.36032640E-19 1.97311509E-16
Brain      8.49570104E-20 4.85475497E-21 4.85475497E-21 6.45356689E-23 1.07422729E-22 2.66554102E-23 5.43410199E-25 1.74140562E-24 3.58326771E-25 5.33684988E-26 9.77824332E-20 7.64110010E-19 7.64110010E-19 5.12536258E-20 5.49049860E-21 5.49049860E-21 1.98093101E-21 1.98093101E-21 1.98093101E-21 6.35262977E-21 1.44424995E-16 3.68821027E-22 8.84209160E-24 1.11237511E-20 1.11676508E-19 4.67803491E-18 4.67803491E-18 1.21074875E-17 1.21074875E-17 5.16782026E-26 3.19409827E-16
Eye-lens   1.70904166E-19 1.22061816E-22 1.22061816E-22 2.50388141E-23 1.13366804E-23 1.73852171E-24 2.99334633E-24 0.00000000E+00 1.53110394E-24 0.00000000E+00 1.17630195E-18 2.99815286E-20 2.99815286E-20 1.01925662E-21 1.40257734E-22 1.40257734E-22 7.08001790E-23 7.08001790E-23 7.08001790E-23 1.31061241E-22 1.04814386E-16 1.96058337E-23 1.03130498E-23 1.13749724E-20 7.07425006E-20 8.61217927E-22 8.61217927E-22 4.97187407E-20 4.97187407E-20 0.00000000E+00 3.15151049E-16
P-gland    6.09435892E-19 3.51149021E-22 3.51149021E-22 1.12616985E-23 1.81414444E-24 0.00000000E+00 1.10176870E-24 0.00000000E+00 1.34936906E-24 0.00000000E+00 8.42504506E-20 8.65319499E-19 8.65319499E-19 3.14699506E-20 3.22950714E-22 3.22950714E-22 9.42544406E-23 9.42544406E-23 3.72698294E-21 8.52405956E-22 1.40216077E-16 4.21228220E-22 5.07120902E-24 4.06584327E-20 1.08097245E-20 2.29431673E-17 2.29431673E-17 7.94198885E-17 7.94198885E-17 0.00000000E+00 3.17984653E-16
Tongue     2.16918675E-13 1.19304470E-19 1.19304470E-19 3.89969757E-22 1.16000782E-21 5.44435592E-23 3.16686204E-24 2.59456460E-24 2.58959786E-24 1.40999542E-25 5.04333115E-19 2.41592192E-16 2.41592192E-16 4.95617274E-16 1.15182070E-19 1.15182070E-19 9.24664116E-21 9.24664116E-21 9.24664116E-21 1.30769645E-19 1.20366713E-16 2.75814682E-21 1.66033549E-23 2.39461298E-19 1.05591441E-16 2.53448298E-18 2.53448298E-18 7.90577966E-18 7.90577966E-18 4.03604279E-25 1.01284029E-16
Tonsils    2.25746667E-15 4.01938015E-20 4.01938015E-20 2.55178649E-23 3.09396301E-23 6.21980934E-24 1.15220522E-24 1.73868192E-24 1.24127021E-24 6.55658684E-26 2.47311963E-19 1.40717559E-17 1.40717559E-17 1.78770852E-18 4.38884205E-20 4.38884205E-20 2.32603982E-22 2.32603982E-22 2.32603982E-22 5.84986679E-20 1.16694524E-16 1.90931372E-21 7.86268111E-24 2.84354283E-20 1.51581917E-18 7.88254810E-20 7.88254810E-20 1.67763900E-18 1.67763900E-18 0.00000000E+00 3.21086906E-16
S-glands   1.73451626E-20 1.03345190E-19 1.03345190E-19 1.55585756E-22 1.74316802E-21 2.42633607E-23 4.73795631E-23 2.70158999E-24 1.64159003E-24 2.87606701E-25 8.49265690E-20 1.41850297E-18 1.41850297E-18 1.84779014E-16 7.16108803E-20 7.16108803E-20 1.36060032E-20 1.36060032E-20 1.36060032E-20 1.15573001E-19 1.16726568E-16 1.16692922E-21 3.66561958E-22 2.28181975E-19 2.21548965E-13 1.14526780E-18 1.14526780E-18 1.10152838E-17 1.10152838E-17 1.42555255E-25 3.23749615E-18
Thyroid    2.14691649E-19 1.15903049E-16 1.15903049E-16 2.86228829E-21 2.00015713E-21 1.98878167E-23 1.03364416E-23 1.16093708E-23 6.71760557E-24 6.36416544E-25 9.22276873E-21 6.70526882E-19 6.70526882E-19 1.10042288E-18 3.54705852E-17 3.54705852E-17 1.77569220E-19 1.77569220E-19 1.77569220E-19 1.37577293E-15 4.85715824E-16 7.31329479E-21 1.31434548E-21 8.18215510E-13 2.52567101E-19 4.59392064E-20 4.59392064E-20 6.70703121E-20 6.70703121E-20 8.24896586E-25 5.17062845E-18
Breast     2.38499992E-20 5.12552280E-20 5.12552280E-20 2.56075868E-20 3.36120605E-20 4.19465826E-21 1.51535454E-21 8.33564361E-22 9.05261759E-22 7.92821013E-23 2.01329497E-19 1.34422607E-20 1.34422607E-20 3.78466130E-20 7.10917751E-20 7.10917751E-20 1.76768132E-19 1.76768132E-19 1.76768132E-19 7.19537460E-20 1.17872124E-16 5.62395990E-20 7.68644170E-21 3.06111840E-20 1.95785967E-20 1.15726810E-20 1.15726810E-20 1.29765080E-20 1.29765080E-20 4.87269935E-23 3.21070333E-16
Thymus     5.88046836E-20 9.12487575E-19 9.12487575E-19 1.47816803E-20 1.03225027E-20 1.07381073E-22 2.30152652E-23 1.91075568E-23 1.47377806E-23 2.40598843E-24 8.38354869E-21 9.15067079E-20 9.15067079E-20 1.23848242E-19 1.98862146E-18 1.98862146E-18 4.27893274E-17 4.27893274E-17 4.27893274E-17 2.46943462E-18 1.19355740E-16 4.34862742E-20 7.35991813E-22 2.11711601E-18 5.45268724E-20 2.92445274E-18 2.92445274E-18 5.09828580E-18 5.09828580E-18 1.99711299E-24 3.20809303E-16
Ht-wall    1.28976809E-20 1.63870611E-16 1.63870611E-16 1.18992046E-17 7.87902331E-18 1.54461029E-20 2.66105493E-21 2.74901442E-21 4.04229128E-21 6.65063460E-23 8.87525665E-21 9.80323727E-21 9.80323727E-21 2.50836751E-20 8.69196766E-17 8.69196766E-17 8.13184676E-17 8.13184676E-17 8.13184676E-17 1.16962088E-16 8.10428932E-16 3.79155066E-18 3.35079190E-20 8.25857892E-20 1.03859489E-20 5.32899921E-19 5.32899921E-19 1.42444705E-19 1.42444705E-19 2.19434092E-22 2.81814358E-16
Adrenals   5.88559532E-22 1.35351870E-19 1.35351870E-19 6.12031418E-19 5.22694057E-19 2.93470667E-19 2.07177442E-20 3.18128163E-20 6.72866059E-21 1.02544102E-20 2.30392979E-23 2.92381187E-23 2.92381187E-23 1.12129924E-22 1.05264597E-20 1.05264597E-20 2.75942856E-20 2.75942856E-20 2.75942856E-20 9.72408975E-21 6.18920777E-16 4.38627857E-17 1.39937299E-16 9.01464600E-22 3.10293520E-23 3.19169578E-19 3.19169578E-19 2.78714622E-18 2.78714622E-18 7.16701608E-23 2.77124682E-16
Liver      3.27020243E-21 7.26907472E-18 7.26907472E-18 2.48369399E-17 1.98749993E-18 7.18496046E-19 1.13398847E-18 5.00327673E-19 1.10835365E-20 1.44908852E-21 2.02451021E-21 2.03989110E-21 2.03989110E-21 4.41848232E-21 5.02362437E-20 5.02362437E-20 8.94703416E-18 8.94703416E-18 8.94703416E-18 4.63061048E-20 8.93597914E-16 8.92300151E-15 7.57573130E-18 1.06121762E-20 1.99230646E-21 7.78866056E-19 7.78866056E-19 4.03812562E-19 4.03812562E-19 1.65264505E-21 7.54602704E-19
Pancreas   2.08523270E-22 3.98477314E-20 3.98477314E-20 1.60906585E-16 2.44476110E-18 4.23647507E-17 4.49650831E-18 6.42665032E-19 7.28605779E-20 3.69205550E-21 1.71961602E-21 9.50298940E-23 9.50298940E-23 5.92020234E-22 7.84153238E-21 7.84153238E-21 2.70463413E-20 2.70463413E-20 2.70463413E-20 5.46806813E-21 6.67098224E-16 3.57589770E-18 2.22045639E-17 1.96090380E-22 7.73274460E-23 4.50227615E-20 4.50227615E-20 3.64943760E-20 3.64943760E-20 2.53736690E-21 2.74892348E-16
Kidneys    1.25809306E-22 2.93070123E-20 2.93070123E-20 3.58454945E-19 3.20964016E-19 9.11750573E-19 1.49100146E-17 1.44948907E-18 6.52726701E-20 9.14938905E-21 5.13497564E-22 1.60714323E-21 1.60714323E-21 6.97331294E-22 1.21469010E-20 1.21469010E-20 2.84210087E-20 2.84210087E-20 2.84210087E-20 8.09707953E-21 9.04364540E-16 7.48216419E-18 4.50932572E-14 1.31509850E-21 3.69606094E-22 5.50796233E-20 5.50796233E-20 1.50550116E-19 1.50550116E-19 6.05366364E-21 1.56626787E-18
Spleen     2.28406280E-21 1.35539324E-19 1.35539324E-19 7.35463095E-17 1.38347940E-18 1.34158248E-19 4.59520238E-21 3.46662926E-21 1.89441348E-20 1.12874936E-22 2.54697996E-22 1.82535967E-21 1.82535967E-21 3.63501801E-21 3.70327073E-20 3.70327073E-20 8.38771434E-18 8.38771434E-18 8.38771434E-18 4.35055003E-20 1.20161634E-15 7.92676817E-20 3.51116977E-18 6.00752096E-21 3.88015102E-22 7.95817083E-20 7.95817083E-20 4.03764496E-20 4.03764496E-20 4.80236380E-22 2.30607855E-16
GB-wall    3.75662321E-23 7.30736674E-20 7.30736674E-20 3.38716131E-17 3.40382395E-19 7.79891449E-18 7.30752696E-20 5.43073742E-20 8.29558920E-21 6.58975189E-23 1.63598241E-21 3.10453738E-23 3.10453738E-23 4.59376042E-23 6.61939216E-21 6.61939216E-21 4.83488798E-20 4.83488798E-20 4.83488798E-20 7.13529298E-21 1.20969131E-16 2.43498782E-16 5.28221566E-17 1.06438993E-20 1.72378168E-22 6.98693144E-20 6.98693144E-20 6.61009953E-18 6.61009953E-18 6.20522953E-23 3.02646297E-16
Ureters    5.95080391E-24 5.07377250E-21 5.07377250E-21 1.20510909E-19 6.40181659E-20 5.85659593E-19 3.84410205E-19 3.18368490E-19 3.39068610E-19 6.46350038E-19 4.46959175E-24 2.07193463E-24 2.07193463E-24 7.12584014E-24 4.25009357E-22 4.25009357E-22 1.05876629E-21 1.05876629E-21 5.70230633E-21 6.47599736E-21 1.16056858E-16 5.53776281E-20 4.85539584E-17 1.31090080E-23 4.86933478E-24 1.41558701E-19 1.41558701E-19 3.93174110E-18 3.93174110E-18 3.05358817E-18 3.20210680E-16
UB-wall    4.10413529E-25 4.56235776E-24 4.56235776E-24 1.15955921E-21 4.28486080E-22 6.91627546E-18 6.90890545E-20 7.60505113E-20 1.08991260E-19 2.75398116E-17 9.43665929E-25 1.18641169E-25 1.18641169E-25 4.92252704E-25 1.98029014E-24 1.98029014E-24 5.76142665E-24 5.76142665E-24 3.60762080E-23 2.45100959E-24 8.37938303E-17 8.66024457E-22 3.51934087E-21 4.97924409E-25 3.17535358E-25 2.00528409E-18 2.00528409E-18 6.29847621E-18 6.29847621E-18 1.48806948E-15 3.17758548E-16
Ovaries    4.74821024E-25 5.81125434E-24 5.81125434E-24 1.02300571E-21 3.77873324E-23 5.61322532E-18 6.61730933E-20 4.00191643E-20 2.72337959E-20 1.74284758E-18 1.28973605E-24 4.30985475E-26 4.30985475E-26 3.65792914E-25 2.40422604E-24 2.40422604E-24 5.53423802E-24 5.53423802E-24 2.96450715E-22 3.84185900E-24 5.06111530E-16 1.44756646E-21 1.15574603E-21 1.79395701E-25 5.24440429E-25 2.29367586E-20 2.29367586E-20 7.15884498E-20 7.15884498E-20 9.48568589E-19 3.08607130E-16
Testes     0.00000000E+00 0.00000000E+00 0.00000000E+00 0.00000000E+00 0.00000000E+00 0.00000000E+00 0.00000000E+00 0.00000000E+00 0.00000000E+00 0.00000000E+00 0.00000000E+00 0.00000000E+00 0.00000000E+00 0.00000000E+00 0.00000000E+00 0.00000000E+00 0.00000000E+00 0.00000000E+00 0.00000000E+00 0.00000000E+00 0.00000000E+00 0.00000000E+00 0.00000000E+00 0.00000000E+00 0.00000000E+00 0.00000000E+00 0.00000000E+00 0.00000000E+00 0.00000000E+00 0.00000000E+00 0.00000000E+00
Prostate   0.00000000E+00 0.00000000E+00 0.00000000E+00 0.00000000E+00 0.00000000E+00 0.00000000E+00 0.00000000E+00 0.00000000E+00 0.00000000E+00 0.00000000E+00 0.00000000E+00 0.00000000E+00 0.00000000E+00 0.00000000E+00 0.00000000E+00 0.00000000E+00 0.00000000E+00 0.00000000E+00 0.00000000E+00 0.00000000E+00 0.00000000E+00 0.00000000E+00 0.00000000E+00 0.00000000E+00 0.00000000E+00 0.00000000E+00 0.00000000E+00 0.00000000E+00 0.00000000E+00 0.00000000E+00 0.00000000E+00
Uterus     1.88127563E-25 4.01761776E-24 4.01761776E-24 1.52278864E-21 1.55984698E-21 1.95994250E-17 4.93470358E-20 4.61266611E-20 4.39829489E-20 4.85715824E-17 4.66009053E-25 1.67235182E-25 1.67235182E-25 2.11343100E-25 1.96122424E-24 1.96122424E-24 5.41663827E-24 5.41663827E-24 1.47520400E-23 2.10493947E-24 1.17723122E-16 3.80164437E-21 3.52302588E-21 7.25337339E-25 1.55898181E-25 5.07809838E-20 5.07809838E-20 1.03162542E-19 1.03162542E-19 2.24625143E-17 3.21913326E-16
LN-Sys     1.87710997E-20 1.06956496E-16 1.06956496E-16 6.43049555E-17 1.96106402E-18 1.19946943E-17 7.93061339E-17 5.26571324E-18 8.62932256E-18 7.34021136E-18 4.75445873E-21 4.90538375E-20 4.90538375E-20 9.05902629E-20 6.63925914E-17 6.63925914E-17 1.74845520E-17 1.74845520E-17 1.74845520E-17 2.69197693E-17 2.96370607E-16 3.73595513E-18 1.89681674E-17 4.07193154E-17 1.02659458E-17 7.18383893E-19 7.18383893E-19 1.66273876E-18 1.66273876E-18 1.93831311E-18 3.10487008E-16
Skin       3.71336444E-20 1.35226900E-20 1.35226900E-20 1.87823150E-20 1.60890563E-20 1.29825963E-20 1.80340985E-20 1.64126959E-20 1.65809245E-20 1.30522910E-20 3.46310448E-18 1.48417619E-20 1.48417619E-20 2.39845820E-20 1.76319522E-20 1.76319522E-20 2.19001504E-20 2.19001504E-20 2.19001504E-20 1.89633609E-20 1.91860634E-16 1.89008760E-20 1.46780195E-20 3.35928344E-20 8.38867565E-20 4.38467639E-20 4.38467639E-20 8.16869682E-20 8.16869682E-20 1.82471880E-20 3.06810780E-16
Adipose    2.87542614E-18 2.63894489E-18 2.63894489E-18 3.21172299E-18 9.12647792E-20 5.92677126E-19 4.62724591E-18 2.18008155E-19 3.62892974E-19 8.44731531E-19 2.47456158E-17 1.41541077E-17 1.41541077E-17 9.24311637E-18 8.80123610E-18 8.80123610E-18 2.80845516E-18 2.80845516E-18 2.80845516E-18 1.71512993E-17 6.58718841E-17 3.29856095E-19 2.39861842E-18 3.90065888E-18 3.92597326E-18 4.20923807E-19 4.20923807E-19 1.65456766E-18 1.65456766E-18 2.80605190E-19 3.30542184E-16
Muscle     8.23807106E-18 2.93759059E-18 2.93759059E-18 1.38014687E-18 2.71216436E-20 4.15123928E-20 3.78209782E-18 1.21084488E-19 6.30200099E-20 7.20242418E-20 1.12868527E-18 1.96731251E-18 1.96731251E-18 1.91011481E-17 2.42681672E-18 2.42681672E-18 1.36555104E-18 1.36555104E-18 1.36555104E-18 3.32483665E-18 9.54384490E-17 7.78449490E-19 9.32514781E-19 8.05446164E-18 3.17759663E-18 1.11287179E-18 1.11287179E-18 8.32683164E-18 8.32683164E-18 1.67090986E-19 3.23407148E-16
