  T/S       O-cavity       Oesophagus-s   Oesophagus-f   St-wall        St-cont        SI-cont        RC-wall        RC-cont        LC-cont        RS-cont        ET1-sur        ET2-sur        ET2-seq        LN-ET          Bronchi        Bronchi-q      Brchiole       Brchiole-q     ALV            LN-Th          Blood          Liver          Kidneys        Thyroid        S-glands       T-bone-S       T-bone-V       C-bone-S       C-bone-V       UB-cont        Other          
O-mucosa   7.72649611E-15 4.06055609E-20 4.06055609E-20 2.82415649E-23 4.82735776E-22 7.24023554E-24 7.87261460E-24 7.71303783E-24 1.04522790E-23 1.77344915E-25 4.83072233E-19 4.03972779E-16 4.03972779E-16 1.94584334E-16 1.34497910E-20 1.34497910E-20 1.56293918E-20 1.56293918E-20 5.62299860E-21 1.82984577E-20 1.32628170E-16 5.55490610E-23 1.26190624E-22 6.89608804E-20 5.05791095E-19 3.56532334E-18 3.56532334E-18 7.05694655E-18 7.05694655E-18 2.15652955E-25 2.74989017E-16
Oesophagus 6.61090062E-20 7.40029298E-13 2.07786269E-14 2.22910815E-17 2.86501199E-19 1.71032340E-20 1.39120189E-20 2.00944975E-20 1.64094916E-20 1.48332704E-23 2.72482155E-21 1.29997396E-16 1.29997396E-16 2.30665349E-18 1.04535607E-16 1.04535607E-16 4.05254521E-18 4.05254521E-18 4.05254521E-18 6.43225794E-16 6.59968539E-16 2.09692859E-18 2.93118188E-20 1.85660211E-16 7.77360010E-20 1.41015564E-19 1.41015564E-19 3.64302890E-18 3.64302890E-18 6.85843689E-24 2.06031591E-16
St-stem    1.91011481E-21 2.22301988E-17 2.22301988E-17 7.18528089E-14 1.15752445E-14 2.69870607E-18 7.06511765E-20 1.08765353E-19 6.88471258E-18 4.25762380E-21 9.00166837E-22 3.89360930E-22 3.89360930E-22 1.45450388E-21 7.89584616E-20 7.89584616E-20 1.60441953E-18 1.60441953E-18 1.60441953E-18 3.10261477E-20 6.44667753E-16 6.55306205E-18 1.29068133E-19 4.54521448E-21 4.26082815E-22 2.21068312E-20 2.21068312E-20 2.29479738E-20 2.29479738E-20 5.38843996E-22 2.73320390E-18
SI-stem    4.73314978E-23 1.64479438E-20 1.64479438E-20 4.08154460E-18 1.12381465E-18 1.24077354E-15 1.28073182E-17 3.47896602E-18 1.27563690E-18 2.75141768E-18 8.99477902E-23 1.50019795E-23 1.50019795E-23 2.91307729E-22 5.28077370E-21 5.28077370E-21 1.01305619E-20 1.01305619E-20 1.01305619E-20 4.47343697E-21 6.99926820E-16 2.95361235E-19 7.11750883E-19 1.84730949E-21 3.63581910E-22 2.66554102E-20 2.66554102E-20 4.13185294E-20 4.13185294E-20 2.35760270E-18 1.95063305E-16
RC-stem    9.26426510E-24 5.08899318E-21 5.08899318E-21 6.97747860E-20 4.25938619E-20 5.63068905E-18 7.89824943E-14 1.43091984E-16 1.13608733E-18 1.77024480E-20 7.17903240E-24 5.99390246E-24 5.99390246E-24 1.07815262E-22 6.37906568E-21 6.37906568E-21 6.01328879E-21 6.01328879E-21 6.01328879E-21 3.12680763E-21 7.05085828E-16 4.07994242E-18 1.15042680E-18 8.20138122E-22 1.18695643E-22 2.71857306E-20 2.71857306E-20 2.38083426E-20 2.38083426E-20 1.87951324E-20 3.06390079E-18
LC-stem    1.67651748E-22 1.99006341E-20 1.99006341E-20 2.13842496E-17 8.35775364E-19 2.69726412E-18 8.46477903E-18 5.96522350E-18 1.65408701E-16 1.01775057E-17 4.34285959E-22 1.06249936E-23 1.06249936E-23 1.10200903E-21 1.54145400E-20 1.54145400E-20 2.10750295E-20 2.10750295E-20 2.10750295E-20 4.63397505E-21 7.11013881E-16 3.89697387E-20 1.83224903E-19 9.65920160E-22 1.40643859E-23 7.26202514E-19 7.26202514E-19 2.13089473E-20 2.13089473E-20 5.03548048E-21 2.07822968E-16
RS-stem    3.11879675E-25 1.26515866E-23 1.26515866E-23 1.18988841E-21 2.31081915E-21 7.76623009E-19 7.20146287E-21 8.38723369E-21 1.40574965E-20 4.47359719E-16 1.61435303E-25 2.32411721E-25 2.32411721E-25 4.83056211E-25 2.97235782E-23 2.97235782E-23 3.55955550E-23 3.55955550E-23 3.55955550E-23 3.92292913E-24 6.99317993E-16 8.19913817E-23 3.55795332E-21 1.19141048E-24 1.70279317E-25 2.50628468E-20 2.50628468E-20 5.85323136E-20 5.85323136E-20 9.51933160E-19 2.09756283E-16
ET1-bas    5.14042304E-19 4.53800468E-21 4.53800468E-21 4.44347627E-22 2.37987295E-23 5.58582810E-24 5.20643271E-24 7.63709466E-24 1.16630437E-23 5.18464311E-25 4.27364556E-11 7.78257229E-16 7.78257229E-16 5.33684988E-20 9.01720949E-23 9.01720949E-23 5.56371807E-23 5.56371807E-23 5.56371807E-23 1.41121307E-20 1.22896550E-16 2.64198903E-23 5.24840974E-24 1.54970521E-21 5.03115460E-20 1.11019615E-18 1.11019615E-18 2.30921697E-17 2.30921697E-17 1.40919433E-25 1.42838175E-16
ET2-bas    4.05863348E-16 1.30726386E-16 1.30726386E-16 2.84386326E-23 5.72730029E-21 2.21965531E-23 5.38267213E-24 5.73611226E-24 1.96891468E-22 2.93983364E-25 7.78048946E-16 1.24811151E-12 2.36993946E-12 8.41687396E-15 5.15404154E-17 5.15404154E-17 7.93654145E-21 7.93654145E-21 7.93654145E-21 3.69317702E-18 1.27629379E-16 7.48088245E-23 9.22613330E-24 4.27140251E-19 4.18344303E-19 2.32027199E-18 2.32027199E-18 8.28213091E-18 8.28213091E-18 2.38644188E-25 1.43887793E-16
LN-ET      1.89633609E-16 2.53063776E-18 2.53063776E-18 1.44932885E-21 7.91250880E-23 1.33422849E-23 1.07962663E-22 1.38312692E-23 2.09740924E-23 5.29807721E-25 9.06511456E-21 8.36608496E-15 8.36608496E-15 9.86395976E-13 9.67121793E-17 9.67121793E-17 4.59327977E-21 4.59327977E-21 2.56155977E-20 7.52366057E-18 5.41167152E-17 3.06752710E-21 1.25254953E-21 1.26049633E-18 1.04593285E-18 7.81301364E-18 7.81301364E-18 7.21059528E-20 7.21059528E-20 0.00000000E+00 9.48559063E-18
Bronch-bas 2.52503014E-21 4.51349138E-17 4.51349138E-17 8.23743019E-20 1.11461816E-19 1.16590383E-20 5.50203427E-21 8.36191930E-21 1.83192860E-20 1.47696639E-23 7.23142357E-21 1.42388629E-20 1.42388629E-20 3.13369699E-20 2.57085239E-12 3.09636628E-12 1.32937390E-14 5.71736679E-16 1.69590381E-17 1.87006040E-15 5.59383899E-16 4.30761170E-19 9.95047729E-21 1.11976115E-19 9.51324333E-21 5.11959475E-20 5.11959475E-20 5.23126645E-20 5.23126645E-20 5.25321627E-24 2.63855679E-16
Bronch-sec 2.52503014E-21 4.51349138E-17 4.51349138E-17 8.23743019E-20 1.11461816E-19 1.16590383E-20 5.50203427E-21 8.36191930E-21 1.83192860E-20 1.47696639E-23 7.23142357E-21 1.42388629E-20 1.42388629E-20 3.13369699E-20 4.15748777E-12 2.52919580E-12 1.32937390E-14 5.71736679E-16 1.51911966E-17 1.87006040E-15 5.59383899E-16 4.30761170E-19 9.95047729E-21 1.11976115E-19 9.51324333E-21 5.11959475E-20 5.11959475E-20 5.23126645E-20 5.23126645E-20 5.25321627E-24 2.58280720E-16
Bchiol-sec 5.63277188E-21 3.62989105E-18 3.62989105E-18 1.38253411E-18 8.48736972E-19 1.92052895E-20 7.31714002E-21 1.20012632E-20 2.39124841E-20 1.91347938E-22 3.37626651E-21 1.12862118E-20 1.12862118E-20 2.56107911E-20 4.34830699E-16 4.34830699E-16 7.39468536E-13 5.36152340E-13 7.87373613E-15 5.11206452E-17 5.59383899E-16 3.94375742E-18 2.65368492E-20 1.34414596E-19 9.05037454E-21 1.60473997E-18 1.60473997E-18 2.10509969E-18 2.10509969E-18 1.38794947E-22 1.74462954E-16
AI         5.63277188E-21 3.62989105E-18 3.62989105E-18 1.38253411E-18 8.48736972E-19 1.92052895E-20 7.31714002E-21 1.20012632E-20 2.39124841E-20 1.91347938E-22 3.37626651E-21 1.12862118E-20 1.12862118E-20 2.56107911E-20 4.34830699E-16 4.34830699E-16 1.32937390E-14 1.32937390E-14 1.45370279E-14 5.11206452E-17 1.72650538E-15 3.94375742E-18 2.65368492E-20 1.34414596E-19 9.05037454E-21 1.60473997E-18 1.60473997E-18 2.10509969E-18 2.10509969E-18 1.38794947E-22 1.22749359E-16
LN-Th      1.83240925E-20 6.43001490E-16 6.43001490E-16 2.14275083E-20 4.57725801E-20 8.22861822E-21 3.12664741E-21 8.90553779E-23 1.69382098E-21 6.18744538E-24 1.12214839E-22 3.79267218E-18 3.79267218E-18 7.70326455E-18 3.01401441E-15 3.01401441E-15 5.74460379E-17 5.74460379E-17 5.74460379E-17 9.76734852E-13 2.24993644E-16 2.98293218E-20 2.22221879E-22 5.06656270E-16 2.31770851E-20 1.02191623E-19 1.02191623E-19 1.21081284E-18 1.21081284E-18 2.28358215E-24 7.27680465E-18
R-marrow   2.32347634E-18 8.57580986E-19 8.57580986E-19 5.94952217E-20 5.42737285E-20 6.97940121E-20 5.70342786E-20 4.66377554E-20 6.36576762E-20 9.05534129E-20 7.32883590E-19 1.37982643E-18 1.37982643E-18 2.83328890E-18 1.27398666E-19 1.27398666E-19 2.94287777E-18 2.94287777E-18 2.94287777E-18 3.48297147E-19 4.58799259E-16 9.65151116E-19 9.65343377E-20 9.69925602E-20 1.05144434E-19 1.95129074E-15 1.23010304E-15 1.99166559E-16 7.41855779E-17 1.02604984E-19 2.56251945E-16
Endost-BS  3.82888137E-18 3.86268729E-19 3.86268729E-19 2.05479134E-20 1.89809848E-20 2.68220366E-20 2.34943160E-20 1.82664141E-20 2.32043221E-20 4.55098231E-20 1.47097425E-18 2.30296848E-18 2.30296848E-18 1.35274965E-18 4.45693455E-20 4.45693455E-20 9.96778080E-19 9.96778080E-19 9.96778080E-19 1.13403654E-19 1.75854891E-16 3.28478223E-19 3.48954039E-20 4.08010264E-20 1.27030165E-19 7.10356989E-15 4.75045328E-15 1.42499179E-15 8.16725486E-17 5.59239703E-20 1.93039105E-16
Brain      9.33075542E-20 3.33621210E-21 3.33621210E-21 8.61458254E-23 1.17029379E-22 1.35279772E-24 9.56931950E-25 3.60922297E-23 1.89697696E-24 4.25810445E-26 9.36664418E-20 1.10902656E-17 1.10902656E-17 2.82720063E-20 1.24368950E-21 1.24368950E-21 8.19337034E-22 8.19337034E-22 8.19337034E-22 1.97404165E-21 1.28608309E-16 6.25794114E-23 1.13805800E-22 5.71560440E-21 6.90986675E-20 1.95850054E-18 1.95850054E-18 7.29326759E-18 7.29326759E-18 2.24464926E-26 2.65553930E-16
Eye-lens   3.42288985E-20 7.38058621E-23 7.38058621E-23 1.29385364E-23 4.45837651E-24 0.00000000E+00 2.83264803E-24 2.36064684E-25 0.00000000E+00 0.00000000E+00 1.66834638E-18 9.44082495E-19 9.44082495E-19 1.81414444E-21 4.83729125E-23 4.83729125E-23 2.72994852E-23 2.72994852E-23 2.72994852E-23 3.77713107E-23 1.23920340E-16 7.34662006E-22 2.17799872E-23 1.91972787E-22 4.49586744E-20 3.20130884E-22 3.20130884E-22 6.29543207E-22 6.29543207E-22 0.00000000E+00 2.63084361E-16
P-gland    3.06191948E-19 1.62412630E-22 1.62412630E-22 5.43762678E-24 8.55353961E-24 7.39837036E-25 0.00000000E+00 0.00000000E+00 1.47541228E-24 0.00000000E+00 5.15852764E-19 9.88879350E-16 9.88879350E-16 9.18768106E-20 6.01040487E-23 6.01040487E-23 7.21700399E-23 7.21700399E-23 1.73531735E-21 3.77040193E-21 1.28957583E-16 6.95184378E-24 3.65776892E-24 6.66825854E-21 2.48081007E-21 1.11495462E-18 1.11495462E-18 1.97708578E-18 1.97708578E-18 0.00000000E+00 2.62349109E-16
Tongue     1.87422605E-13 5.95080391E-20 5.95080391E-20 3.87854884E-22 3.54625744E-23 8.53703719E-24 1.68228531E-22 3.43314378E-22 1.33752897E-23 2.24320730E-25 3.33701319E-19 1.99807430E-16 1.99807430E-16 9.66352748E-17 1.50867347E-20 1.50867347E-20 1.54768646E-20 1.54768646E-20 1.54768646E-20 2.85828285E-20 1.30588599E-16 1.85692255E-22 4.86484869E-22 7.56291389E-20 9.89952808E-18 1.91235785E-18 1.91235785E-18 3.71961293E-18 3.71961293E-18 1.70487600E-25 1.16693296E-16
Tonsils    1.94424117E-18 1.31447366E-21 1.31447366E-21 3.90786867E-22 1.00780105E-23 3.42641464E-24 1.52347758E-24 1.41664445E-24 4.47119392E-24 2.26275385E-25 4.37169876E-20 1.06169827E-17 1.06169827E-17 2.42233063E-19 1.60714323E-22 1.60714323E-22 8.29206441E-23 8.29206441E-23 8.29206441E-23 8.67738785E-21 1.30362692E-16 7.13192841E-22 7.93846406E-23 3.71464619E-20 3.75133603E-19 3.62011777E-18 3.62011777E-18 6.25265396E-18 6.25265396E-18 0.00000000E+00 2.63570135E-16
S-glands   4.95505122E-21 5.68340065E-20 5.68340065E-20 1.09204349E-21 3.33268731E-22 4.47616067E-23 5.39212497E-24 7.58422284E-24 1.97740622E-22 2.75350051E-25 3.33060448E-20 4.44844302E-19 4.44844302E-19 1.01946490E-18 1.82551989E-20 1.82551989E-20 3.28462202E-21 3.28462202E-21 3.28462202E-21 3.97163529E-20 1.29600056E-16 1.58046700E-21 3.11174717E-23 9.99485758E-20 1.79571941E-13 1.37074209E-19 1.37074209E-19 2.51365469E-18 2.51365469E-18 2.19690440E-25 3.14570634E-18
Thyroid    6.99590363E-20 1.83961904E-16 1.83961904E-16 4.54249078E-21 4.02963408E-22 8.66280805E-23 8.19721556E-22 3.29087050E-23 3.59720665E-22 2.85203436E-24 9.52910487E-22 4.52502705E-19 4.52502705E-19 1.19397396E-18 2.19386026E-17 2.19386026E-17 1.72314081E-19 1.72314081E-19 1.72314081E-19 4.96258145E-16 4.10669877E-16 1.16652868E-20 1.91588264E-21 6.81710073E-13 9.15675906E-20 1.26123333E-20 1.26123333E-20 7.13096711E-20 7.13096711E-20 8.02866659E-25 3.98606377E-18
Breast     2.60401744E-21 1.24054923E-20 1.24054923E-20 5.31169571E-20 6.22012978E-20 4.51076768E-21 5.48521142E-21 8.32731229E-21 1.13442106E-20 9.08530199E-24 7.64206141E-20 1.43992407E-22 1.43992407E-22 9.46581890E-21 7.81285342E-20 7.81285342E-20 1.06233914E-19 1.06233914E-19 1.06233914E-19 2.77833425E-20 1.30101537E-16 5.18848834E-20 3.80068306E-21 6.73298647E-21 4.32090977E-21 1.26506253E-20 1.26506253E-20 5.39837346E-21 5.39837346E-21 4.04613650E-24 2.67321872E-16
Thymus     3.04974294E-20 8.04468836E-19 8.04468836E-19 1.20217711E-20 2.23872121E-20 3.83368790E-22 4.51589465E-22 3.88607907E-21 2.67707669E-21 3.17583423E-24 8.72865750E-21 6.61762976E-20 6.61762976E-20 1.59461421E-19 9.31473366E-19 9.31473366E-19 2.53640560E-17 2.53640560E-17 2.53640560E-17 4.02530821E-18 1.30638266E-16 2.92621514E-20 5.28590067E-22 6.82751488E-17 7.67586733E-21 4.48497264E-19 4.48497264E-19 6.38130873E-18 6.38130873E-18 1.90915350E-24 2.64549419E-16
Ht-wall    4.87077674E-21 7.81301364E-17 7.81301364E-17 1.70856101E-17 1.92133004E-17 3.54321330E-20 1.00943527E-20 1.02902989E-20 4.11102465E-20 4.14082513E-22 3.03868793E-21 6.42040184E-21 6.42040184E-21 1.61899934E-20 9.70694646E-18 9.70694646E-18 2.28710694E-17 2.28710694E-17 2.28710694E-17 1.08452929E-16 5.72906268E-16 5.36152340E-19 3.51870000E-20 6.47167148E-20 4.01809841E-21 4.49170178E-20 4.49170178E-20 4.38051073E-20 4.38051073E-20 7.46854569E-22 2.35381748E-16
Adrenals   1.75550478E-23 9.31954019E-20 9.31954019E-20 2.73491526E-19 3.17567401E-19 2.22253922E-19 7.96858498E-20 7.30528391E-20 1.30240927E-19 8.21291689E-21 1.21677293E-23 2.32171395E-23 2.32171395E-23 4.40486382E-23 3.87246057E-20 3.87246057E-20 6.05830995E-20 6.05830995E-20 6.05830995E-20 3.46775079E-20 5.43538373E-16 1.73195278E-17 2.07994552E-16 2.14259062E-22 1.47505980E-22 3.73162926E-20 3.73162926E-20 5.44099135E-20 5.44099135E-20 1.50455587E-22 2.22803389E-16
Liver      1.95353379E-21 1.94552291E-18 1.94552291E-18 6.58093992E-18 1.77569220E-18 2.94544125E-19 4.12320119E-18 5.81429847E-19 6.78153242E-20 1.45288568E-21 1.87807128E-21 1.41065231E-21 1.41065231E-21 3.07906277E-21 3.55731245E-19 3.55731245E-19 4.42713407E-18 4.42713407E-18 4.42713407E-18 4.45901738E-20 6.85587341E-16 6.84642056E-15 2.30953741E-18 8.03187095E-21 1.55314989E-21 6.69805902E-19 6.69805902E-19 2.76135118E-19 2.76135118E-19 1.59491863E-21 5.43818833E-19
Pancreas   2.91804404E-22 7.31537762E-20 7.31537762E-20 2.14499388E-17 1.84907188E-18 3.20419276E-17 3.42112745E-18 4.55546841E-19 3.80228524E-19 5.54817696E-21 5.90209774E-22 8.60657165E-22 8.60657165E-22 5.18880877E-22 3.06928950E-20 3.06928950E-20 2.73747875E-20 2.73747875E-20 2.73747875E-20 1.55851718E-20 5.55218240E-16 3.23479433E-18 3.34310146E-19 3.94071329E-21 1.88367890E-23 2.49699205E-20 2.49699205E-20 2.71793219E-20 2.71793219E-20 2.12144189E-21 2.24161482E-16
Kidneys    1.29435032E-22 2.69886629E-20 2.69886629E-20 1.49782673E-19 1.51694070E-19 9.23830984E-19 1.13820220E-18 2.32860331E-19 2.06937115E-19 1.12657040E-20 2.38403861E-22 9.36119678E-22 9.36119678E-22 1.25963115E-21 1.76319522E-20 1.76319522E-20 2.81710692E-20 2.81710692E-20 2.81710692E-20 8.19849730E-21 7.62684073E-16 2.25906885E-18 3.81414134E-14 1.91844613E-21 4.98164735E-23 3.30448900E-20 3.30448900E-20 3.25257849E-20 3.25257849E-20 2.51333426E-21 1.36211897E-18
Spleen     1.76367588E-21 1.13281889E-19 1.13281889E-19 6.56347620E-19 5.44147200E-19 1.80693464E-19 1.15885425E-20 8.29606985E-21 3.58615163E-19 3.02891465E-21 3.22245757E-22 8.90345496E-22 8.90345496E-22 3.92757544E-21 9.90834005E-20 9.90834005E-20 6.92524765E-18 6.92524765E-18 6.92524765E-18 4.95376948E-20 9.83880559E-16 4.40550469E-20 3.76335235E-19 1.04208763E-20 2.11166861E-22 6.67963399E-20 6.67963399E-20 5.40093694E-20 5.40093694E-20 8.99413815E-22 1.82964474E-16
GB-wall    2.63189532E-23 5.36248470E-20 5.36248470E-20 1.60522062E-19 6.90906566E-20 2.60594006E-18 1.82568011E-17 2.86276895E-17 8.35358799E-20 1.36372456E-21 1.94856704E-23 7.57749370E-23 7.57749370E-23 5.83224285E-22 3.02506943E-20 3.02506943E-20 2.97460087E-20 2.97460087E-20 2.97460087E-20 1.63213719E-20 1.31192619E-16 1.81863053E-16 2.55002410E-19 2.82207366E-22 2.28582519E-23 2.54137234E-20 2.54137234E-20 2.48785965E-20 2.48785965E-20 4.11022356E-22 2.53286093E-16
Ureters    3.66866372E-24 2.80268733E-21 2.80268733E-21 3.92597326E-20 4.71552584E-20 1.18860667E-17 2.30473088E-19 2.08026595E-19 1.09148273E-19 1.86990018E-19 3.18256337E-24 5.19906270E-24 5.19906270E-24 7.24247859E-24 2.85539894E-21 2.85539894E-21 5.37962799E-22 5.37962799E-22 5.38747866E-21 2.70655674E-22 1.23917136E-16 4.64871508E-20 4.49138135E-18 1.50599783E-23 4.04165041E-24 3.67971874E-20 3.67971874E-20 3.90178040E-20 3.90178040E-20 4.36496962E-19 2.63977171E-16
UB-wall    1.94840683E-25 7.08610617E-24 7.08610617E-24 8.87429534E-22 1.88656281E-21 1.40659880E-18 2.07081311E-20 9.56451297E-21 9.67410185E-21 5.98989701E-19 1.73371518E-25 1.05777294E-25 1.05777294E-25 4.46895088E-25 5.16012981E-24 5.16012981E-24 6.88311041E-24 6.88311041E-24 1.82519945E-23 4.12336141E-24 6.29639338E-17 4.01585536E-21 8.09115148E-21 9.33091564E-25 1.54193465E-25 5.36536862E-20 5.36536862E-20 2.37682882E-19 2.37682882E-19 1.15319857E-15 2.67006995E-16
Ovaries    0.00000000E+00 0.00000000E+00 0.00000000E+00 0.00000000E+00 0.00000000E+00 0.00000000E+00 0.00000000E+00 0.00000000E+00 0.00000000E+00 0.00000000E+00 0.00000000E+00 0.00000000E+00 0.00000000E+00 0.00000000E+00 0.00000000E+00 0.00000000E+00 0.00000000E+00 0.00000000E+00 0.00000000E+00 0.00000000E+00 0.00000000E+00 0.00000000E+00 0.00000000E+00 0.00000000E+00 0.00000000E+00 0.00000000E+00 0.00000000E+00 0.00000000E+00 0.00000000E+00 0.00000000E+00 0.00000000E+00
Testes     0.00000000E+00 4.05831304E-25 4.05831304E-25 1.92084939E-24 2.01954346E-24 1.63037479E-21 5.06688314E-23 1.07550903E-23 4.92717335E-23 1.06509489E-20 0.00000000E+00 0.00000000E+00 0.00000000E+00 0.00000000E+00 4.22461896E-25 4.22461896E-25 4.94671990E-25 4.94671990E-25 4.94671990E-25 1.04575661E-25 1.73932279E-16 1.88800477E-22 1.75630587E-22 1.26469403E-26 9.22180742E-27 1.08065202E-21 1.08065202E-21 7.21588246E-21 7.21588246E-21 2.87927136E-20 2.60976098E-16
Prostate   7.00119081E-26 3.76879975E-24 3.76879975E-24 1.64879982E-23 1.61883912E-23 1.70247274E-20 4.09836745E-21 2.17094914E-21 4.41015100E-23 1.40121549E-19 0.00000000E+00 2.10237599E-26 2.10237599E-26 0.00000000E+00 1.92757853E-24 1.92757853E-24 2.63109423E-24 2.63109423E-24 1.75342195E-23 1.19592862E-24 1.27158339E-16 4.54569513E-22 1.54842347E-21 2.44508154E-25 2.42601564E-25 6.75685890E-20 6.75685890E-20 7.02153845E-20 7.02153845E-20 4.61154458E-17 2.65134580E-16
Uterus     0.00000000E+00 0.00000000E+00 0.00000000E+00 0.00000000E+00 0.00000000E+00 0.00000000E+00 0.00000000E+00 0.00000000E+00 0.00000000E+00 0.00000000E+00 0.00000000E+00 0.00000000E+00 0.00000000E+00 0.00000000E+00 0.00000000E+00 0.00000000E+00 0.00000000E+00 0.00000000E+00 0.00000000E+00 0.00000000E+00 0.00000000E+00 0.00000000E+00 0.00000000E+00 0.00000000E+00 0.00000000E+00 0.00000000E+00 0.00000000E+00 0.00000000E+00 0.00000000E+00 0.00000000E+00 0.00000000E+00
LN-Sys     1.04393013E-20 8.26899307E-17 8.26899307E-17 1.37393042E-16 7.28349431E-18 7.06992418E-18 4.56716429E-17 2.37714925E-18 2.69229737E-18 9.24696159E-18 1.65232461E-21 2.01233367E-20 2.01233367E-20 6.84545926E-20 1.78129982E-18 1.78129982E-18 2.06456462E-17 2.06456462E-17 2.06456462E-17 3.70903857E-18 2.62532639E-16 1.90626958E-18 8.88583101E-20 1.68773271E-16 2.98741828E-17 5.35591578E-19 5.35591578E-19 3.29311355E-18 3.29311355E-18 3.57237291E-18 2.57945234E-16
Skin       1.08260667E-20 9.14217925E-21 9.14217925E-21 1.18380014E-20 1.09095401E-20 1.05069132E-20 1.36431737E-20 1.19046520E-20 1.54976929E-20 1.45655467E-20 1.16801870E-17 4.20186805E-20 4.20186805E-20 2.31738807E-20 2.51045034E-20 2.51045034E-20 1.30812904E-20 1.30812904E-20 1.30812904E-20 2.29127259E-19 1.35888599E-16 1.19874845E-20 1.33504560E-20 2.51573752E-20 2.30376957E-18 9.30271734E-20 9.30271734E-20 3.33204644E-19 3.33204644E-19 9.17085821E-21 2.58484264E-16
Adipose    1.72826778E-18 6.88182866E-18 6.88182866E-18 6.89736978E-18 7.20642962E-19 1.18676417E-18 7.86011763E-18 1.36055225E-18 1.99615169E-18 1.40286573E-18 1.17474784E-17 1.36507039E-17 1.36507039E-17 1.21020401E-17 4.73603370E-18 4.73603370E-18 5.16894178E-18 5.16894178E-18 5.16894178E-18 1.52599300E-17 4.88263284E-17 1.16891592E-18 4.20603371E-18 9.37385397E-18 3.65937110E-18 6.29382989E-19 6.29382989E-19 2.98309240E-18 2.98309240E-18 6.91883894E-19 2.73293954E-16
Muscle     3.67202829E-18 5.85419267E-19 5.85419267E-19 2.12785059E-19 1.77569220E-20 3.23639650E-20 1.03731314E-18 3.75662321E-20 2.73411418E-20 2.94752408E-19 1.90979437E-20 2.20747876E-18 2.20747876E-18 7.60569200E-18 9.07536849E-20 9.07536849E-20 5.49690731E-19 5.49690731E-19 5.49690731E-19 1.14446671E-18 7.63164726E-17 1.52897304E-19 1.16481435E-19 1.08544253E-18 3.74524776E-18 1.03599936E-18 1.03599936E-18 5.57973983E-18 5.57973983E-18 5.06319813E-20 2.70371030E-16
