  T/S       O-cavity       Oesophagus-s   Oesophagus-f   St-cont        SI-cont        RC-cont        LC-cont        RS-cont        ET1-sur        ET2-sur        ET2-seq        LN-ET          Bronchi        Bronchi-q      Brchiole       Brchiole-q     ALV            LN-Th          Blood          Liver          Kidneys        C-bone-S       C-bone-V       T-bone-S       T-bone-V       UB-cont        Other          
O-mucosa   1.05705196E-12 4.67018424E-18 4.67018424E-18 2.23711903E-19 8.77111518E-20 7.95400517E-20 8.53815872E-20 1.19342922E-21 4.18216128E-17 5.53039280E-14 5.53039280E-14 2.53384211E-14 1.72153864E-18 1.72153864E-18 9.16957647E-19 9.16957647E-19 1.09962179E-18 4.12624532E-18 1.22316562E-15 3.22694366E-19 1.31519463E-19 9.16877538E-16 9.16877538E-16 6.40117572E-16 6.40117572E-16 4.71087952E-22 2.18469621E-15
Oesophagus 5.52446474E-18 5.80740911E-12 2.28294128E-12 1.36648030E-16 2.89513291E-18 1.34118194E-18 2.30681371E-18 1.19847608E-19 8.09227300E-19 1.72730647E-14 1.72730647E-14 4.63317397E-15 1.84474601E-14 1.84474601E-14 5.19762074E-16 5.19762074E-16 5.19762074E-16 8.07336732E-14 5.37690429E-15 2.72370003E-16 3.52671088E-18 6.56155358E-16 6.56155358E-16 4.26883903E-17 4.26883903E-17 9.41535034E-20 1.57375438E-15
St-stem    2.93502711E-19 2.78554404E-15 2.78554404E-15 3.53472177E-13 4.61506937E-16 9.10789268E-18 1.21831102E-15 7.63244835E-19 2.53592494E-19 2.65208274E-19 2.65208274E-19 4.83472777E-19 6.65784439E-18 6.65784439E-18 2.35856401E-16 2.35856401E-16 2.35856401E-16 3.00360026E-18 4.49090069E-15 1.10213721E-15 1.04048545E-17 2.08090682E-18 2.08090682E-18 1.77521155E-18 1.77521155E-18 3.90322236E-19 1.49756761E-15
SI-stem    6.19032929E-20 1.49100146E-18 1.49100146E-18 1.89569522E-16 6.60785649E-14 5.79667453E-16 2.57069217E-16 5.57990005E-16 5.30192243E-20 5.35543513E-20 5.35543513E-20 8.41527178E-20 9.33444043E-19 9.33444043E-19 1.09465504E-18 1.09465504E-18 1.09465504E-18 5.20178640E-19 4.82479427E-15 3.97676226E-17 1.27647003E-16 4.63461592E-18 4.63461592E-18 2.45966134E-18 2.45966134E-18 3.89248778E-16 1.51167541E-15
RC-stem    8.16949791E-20 1.13692046E-18 1.13692046E-18 3.97708269E-18 9.80419858E-16 5.57701613E-14 3.69493941E-16 1.90707067E-18 8.57276573E-20 6.61442541E-20 6.61442541E-20 1.01212693E-19 8.51572825E-19 8.51572825E-19 1.10979561E-18 1.10979561E-18 1.10979561E-18 5.17503005E-19 4.79579488E-15 5.62011468E-16 2.50243946E-16 2.31194067E-18 2.31194067E-18 6.34718237E-18 6.34718237E-18 2.35071334E-18 1.35935816E-15
LC-stem    1.31458581E-19 2.01393584E-18 2.01393584E-18 1.14342529E-16 6.42152336E-16 9.56947972E-16 7.13737581E-14 1.58778894E-15 7.24808621E-20 1.00717621E-19 1.00717621E-19 1.74012388E-19 1.88976717E-18 1.88976717E-18 2.22766619E-18 2.22766619E-18 2.22766619E-18 8.72529293E-19 4.94367577E-15 3.99534751E-18 1.29654530E-17 4.16213408E-18 4.16213408E-18 1.17417106E-16 1.17417106E-16 1.04932947E-18 1.40776692E-15
RS-stem    1.41930406E-20 1.01023636E-19 1.01023636E-19 4.51557421E-19 1.75149934E-16 1.21874361E-18 1.25426386E-17 1.94295943E-13 8.51124215E-21 2.98421392E-21 2.98421392E-21 6.01553184E-21 6.18584320E-20 6.18584320E-20 8.89832799E-20 8.89832799E-20 8.89832799E-20 4.99190128E-20 4.61346719E-15 3.28958876E-19 9.36263874E-19 9.95127838E-18 9.95127838E-18 3.18160207E-18 3.18160207E-18 1.45745188E-16 1.35463917E-15
ET1-bas    4.49714918E-17 7.30720652E-19 7.30720652E-19 1.15733219E-19 3.45957969E-20 9.34373305E-20 2.62612748E-19 1.26868345E-20 5.86572834E-11 7.78721860E-14 7.78721860E-14 6.16004816E-18 7.27548343E-19 7.27548343E-19 6.55706749E-19 6.55706749E-19 6.55706749E-19 6.11454634E-19 7.64670772E-16 2.52727319E-19 3.58438924E-20 2.80573146E-15 2.80573146E-15 1.39147426E-16 1.39147426E-16 3.09091888E-25 7.74866168E-16
ET2-bas    5.56035350E-14 1.72650538E-14 1.72650538E-14 2.32908396E-19 5.65424104E-20 5.57525374E-20 8.47150818E-20 3.61963712E-21 7.77840663E-14 1.92181070E-12 3.05358817E-12 6.90441935E-13 4.64022354E-15 4.64022354E-15 1.46004741E-18 1.46004741E-18 1.46004741E-18 3.16750291E-15 8.01520831E-16 2.42649629E-19 9.13913512E-20 1.24465080E-15 1.24465080E-15 3.14250896E-16 3.14250896E-16 2.04357611E-21 9.53925747E-16
LN-ET      2.51045034E-14 4.72209476E-15 4.72209476E-15 4.02018124E-19 4.19385717E-23 2.20155071E-19 9.31633584E-20 6.28101248E-25 6.17030209E-18 6.90217631E-13 6.90217631E-13 5.60281118E-12 1.25335062E-14 1.25335062E-14 1.68196488E-18 1.68196488E-18 2.80428951E-18 1.12822064E-14 1.24767892E-15 5.97563764E-19 2.26675929E-19 5.84089460E-18 5.84089460E-18 1.11106133E-15 1.11106133E-15 5.09764493E-25 1.05925698E-15
Bronch-bas 1.40421156E-18 7.69092779E-15 7.69092779E-15 7.80852754E-18 1.70151143E-18 1.18811000E-18 2.36272967E-18 1.05939114E-19 6.72882081E-19 6.17526883E-18 6.17526883E-18 8.96241505E-18 3.79347327E-12 3.92292913E-12 1.04556435E-13 5.37882690E-14 9.42063753E-14 1.71545036E-13 7.69060736E-15 1.11879984E-16 2.32251504E-18 1.93366680E-17 1.93366680E-17 2.94640256E-17 2.94640256E-17 5.96666546E-20 1.68552612E-15
Bronch-sec 1.40421156E-18 7.69092779E-15 7.69092779E-15 7.80852754E-18 1.70151143E-18 1.18811000E-18 2.36272967E-18 1.05939114E-19 6.72882081E-19 6.17526883E-18 6.17526883E-18 8.96241505E-18 4.32956152E-12 3.65248174E-12 1.04556435E-13 5.37882690E-14 9.35190415E-14 1.71545036E-13 7.69060736E-15 1.11879984E-16 2.32251504E-18 1.93366680E-17 1.93366680E-17 2.94640256E-17 2.94640256E-17 5.96666546E-20 1.66994209E-15
Bchiol-sec 1.09962179E-18 4.61843394E-16 4.61843394E-16 1.18432886E-16 2.00320126E-18 1.34433822E-18 2.48673813E-18 1.34308853E-19 5.16157177E-19 1.38924723E-18 1.38924723E-18 2.80428951E-18 4.28454036E-14 4.28454036E-14 5.37113646E-13 4.85924107E-13 1.32346187E-13 5.42064371E-15 7.69060736E-15 6.10349133E-16 2.87206157E-18 3.92517218E-16 3.92517218E-16 3.02234573E-16 3.02234573E-16 7.66705536E-20 1.36638186E-15
AI         1.09962179E-18 4.61843394E-16 4.61843394E-16 1.18432886E-16 2.00320126E-18 1.34433822E-18 2.48673813E-18 1.34308853E-19 5.16157177E-19 1.38924723E-18 1.38924723E-18 2.80428951E-18 4.28454036E-14 4.28454036E-14 1.04556435E-13 1.04556435E-13 1.14164688E-13 5.42064371E-15 1.44074118E-14 6.10349133E-16 2.87206157E-18 3.92517218E-16 3.92517218E-16 3.02234573E-16 3.02234573E-16 7.66705536E-20 1.16302401E-15
LN-Th      4.12624532E-18 8.09852149E-14 8.09852149E-14 2.86164742E-18 6.91915938E-19 4.88647807E-19 8.86852751E-19 4.61715220E-20 6.82879662E-19 3.04701924E-15 3.04701924E-15 1.11876780E-14 2.84065891E-13 2.84065891E-13 5.54721565E-15 5.54721565E-15 5.54721565E-15 4.78361834E-12 8.54969439E-15 3.20114862E-18 9.66272639E-19 2.94319821E-16 2.94319821E-16 1.57351355E-17 1.57351355E-17 3.67939830E-20 8.65303671E-16
R-marrow   3.78498173E-16 2.62869096E-16 2.62869096E-16 4.09372114E-18 5.25225496E-18 3.88655972E-18 6.07176823E-18 6.82318901E-18 1.06251538E-16 2.02787478E-16 2.02787478E-16 3.95337048E-16 6.62387825E-17 6.62387825E-17 5.37161711E-16 5.37161711E-16 5.37161711E-16 8.25954023E-17 3.68084026E-15 1.44136603E-16 1.34111785E-17 6.19080995E-15 5.86428638E-15 1.83689534E-14 2.06296244E-14 7.84153238E-18 1.91158105E-15
Endost-BS  6.07929846E-16 1.06211484E-16 1.06211484E-16 1.46719312E-18 2.07337659E-18 1.55361452E-18 2.24432882E-18 3.45076772E-18 2.13361843E-16 3.42369094E-16 3.42369094E-16 1.88335846E-16 2.22350053E-17 2.22350053E-17 1.81574661E-16 1.81574661E-16 1.81574661E-16 2.59344308E-17 1.43196126E-15 4.90041700E-17 4.77048049E-18 6.50243327E-15 6.75493629E-15 2.41367888E-14 3.08915648E-14 4.31193758E-18 1.65048271E-15
Brain      1.05535365E-17 6.24127851E-19 6.24127851E-19 5.84778396E-20 2.45421394E-20 2.81358213E-20 2.63253619E-20 3.90594606E-21 1.58271004E-17 1.55164384E-15 1.55164384E-15 3.89729430E-18 3.85547750E-19 3.85547750E-19 3.00295939E-19 3.00295939E-19 3.00295939E-19 6.30264186E-19 1.16574361E-15 8.40389633E-20 2.76119096E-20 9.30047429E-16 9.30047429E-16 3.65953131E-16 3.65953131E-16 1.88447998E-21 2.35705420E-15
Eye-lens   1.76591892E-17 7.36312248E-20 7.36312248E-20 9.85594888E-24 1.00919495E-24 1.40693526E-24 1.27887329E-24 3.59063773E-25 1.95834032E-15 4.53800468E-17 4.53800468E-17 4.16309538E-18 1.50873755E-19 1.50873755E-19 8.16533225E-22 8.16533225E-22 8.16533225E-22 2.46398722E-19 1.01138993E-15 1.52243616E-19 1.08435305E-24 2.44396001E-17 2.44396001E-17 9.65583703E-19 9.65583703E-19 4.88103067E-25 1.31528282E-15
P-gland    1.03601538E-16 9.78128745E-19 9.78128745E-19 2.16790500E-22 6.72850037E-25 4.69117275E-23 8.05862729E-25 0.00000000E+00 9.59479411E-17 2.10878469E-13 2.10878469E-13 9.64878746E-18 1.68468858E-18 1.68468858E-18 2.43723087E-19 2.43723087E-19 4.31353976E-19 1.00911484E-18 7.45508741E-16 2.07529920E-24 1.32080225E-24 5.76110621E-16 5.76110621E-16 1.19900480E-16 1.19900480E-16 1.36343617E-25 2.28193973E-15
Tongue     1.42330950E-12 5.00455847E-18 5.00455847E-18 2.78922905E-19 7.01721258E-20 9.24471855E-20 1.30651084E-19 4.28550167E-21 3.07746060E-17 3.07730038E-14 3.07730038E-14 1.25500086E-14 1.89665653E-18 1.89665653E-18 1.09579259E-18 1.09579259E-18 1.09579259E-18 3.69461898E-18 1.22967045E-15 3.68692853E-19 1.37634971E-19 5.75325555E-16 5.75325555E-16 3.58551076E-16 3.58551076E-16 2.73924114E-21 1.06914989E-15
Tonsils    6.18728516E-16 2.07850356E-18 2.07850356E-18 1.91556221E-20 1.80661421E-20 1.94888748E-21 5.86284442E-20 4.25025378E-25 1.57248816E-17 2.35135421E-14 2.35135421E-14 2.49282640E-17 1.22672245E-18 1.22672245E-18 4.51637530E-19 4.51637530E-19 4.51637530E-19 1.85451928E-18 9.15083101E-16 2.01041106E-19 6.62163520E-20 1.49342075E-15 1.49342075E-15 5.50732146E-16 5.50732146E-16 1.46567105E-25 2.25395109E-15
S-glands   2.23968251E-20 4.96754820E-18 4.96754820E-18 2.35936509E-19 7.95881170E-20 7.80644472E-20 1.06137784E-19 4.12384206E-21 6.27220051E-18 6.19978213E-17 6.19978213E-17 5.81173499E-17 1.90130284E-18 1.90130284E-18 1.41922395E-18 1.41922395E-18 1.41922395E-18 3.74444667E-18 1.00028685E-15 3.28974898E-19 1.32266078E-19 4.64166550E-16 4.64166550E-16 7.36344292E-17 7.36344292E-17 4.17270844E-21 2.35864495E-15
Thyroid    7.62828269E-18 2.67178951E-14 2.67178951E-14 1.12665051E-18 2.92365165E-19 1.95048966E-19 3.82872115E-19 2.22237901E-20 1.41835878E-18 6.51316785E-17 6.51316785E-17 1.27733520E-16 9.50491201E-15 9.50491201E-15 1.05235758E-17 1.05235758E-17 1.05235758E-17 8.03940118E-14 3.20947994E-15 1.09962179E-18 4.81918666E-19 8.90457648E-18 8.90457648E-18 3.14891767E-18 3.14891767E-18 1.24143043E-21 2.15154945E-15
Breast     8.59551664E-19 2.59969157E-18 2.59969157E-18 5.86284442E-18 1.59664898E-18 1.31628411E-18 2.09821033E-18 4.79194965E-20 3.70887835E-17 6.04533232E-19 6.04533232E-19 1.10665534E-18 8.42440419E-18 8.42440419E-18 7.09139335E-18 7.09139335E-18 7.09139335E-18 2.75702530E-18 1.07401901E-15 5.52350344E-18 1.49728199E-18 9.76366351E-19 9.76366351E-19 1.17979470E-18 1.17979470E-18 7.86444350E-20 2.30873027E-15
Thymus     3.16750291E-18 4.60337348E-17 4.60337348E-17 2.25025688E-18 5.98460983E-19 6.07625433E-19 6.68524161E-19 9.36744527E-20 8.79146282E-19 6.31241514E-18 6.31241514E-18 1.35390322E-17 5.25481844E-16 5.25481844E-16 3.03708575E-15 3.03708575E-15 3.03708575E-15 6.49009651E-15 1.19672971E-15 2.64423207E-18 7.11814970E-19 9.75773546E-16 9.75773546E-16 1.17322578E-16 1.17322578E-16 4.75622112E-20 2.25083175E-15
Ht-wall    9.36840657E-19 1.16926840E-14 1.16926840E-14 3.16157486E-15 3.55827376E-18 1.84650840E-18 4.07433481E-18 2.08667466E-19 5.12360019E-19 1.07408310E-18 1.07408310E-18 2.14627562E-18 4.29783843E-15 4.29783843E-15 3.31938925E-15 3.31938925E-15 3.31938925E-15 1.42097033E-14 2.30184696E-14 7.85819502E-17 3.63710084E-18 4.16822235E-18 4.16822235E-18 8.41078569E-18 8.41078569E-18 1.06376508E-19 1.84256099E-15
Adrenals   1.70311361E-19 7.70823130E-18 7.70823130E-18 1.74284758E-17 3.13513895E-17 6.36272348E-18 8.90521735E-18 5.15580394E-19 8.99766293E-20 1.08810214E-19 1.08810214E-19 3.10149324E-19 3.29647812E-18 3.29647812E-18 5.80612737E-18 5.80612737E-18 5.80612737E-18 2.48609725E-18 4.17991824E-15 2.34959182E-15 3.70791704E-14 6.07817694E-18 6.07817694E-18 3.14363049E-18 3.14363049E-18 4.33052283E-19 1.81994870E-15
Liver      3.55667158E-19 2.69566194E-16 2.69566194E-16 2.85139349E-16 4.16549865E-17 1.03273092E-16 5.59319812E-18 4.44379670E-19 2.55979737E-19 3.27276591E-19 3.27276591E-19 5.97563764E-19 9.62203111E-17 9.62203111E-17 6.75445563E-16 6.75445563E-16 6.75445563E-16 3.79571632E-18 6.14787162E-15 6.03812253E-14 3.56932878E-16 4.14002404E-17 4.14002404E-17 1.00599059E-16 1.00599059E-16 3.38443761E-19 7.59743247E-17
Pancreas   1.81686814E-19 6.06888432E-18 6.06888432E-18 2.86501199E-16 5.38171082E-15 4.67467034E-17 3.42721572E-17 1.33467710E-18 1.52059366E-19 1.74605194E-19 1.74605194E-19 2.50115771E-19 2.97908696E-18 2.97908696E-18 3.76655670E-18 3.76655670E-18 3.76655670E-18 1.75214021E-18 4.94591882E-15 5.05614856E-16 2.25201927E-17 2.42233063E-18 2.42233063E-18 2.17687719E-18 2.17687719E-18 7.92949187E-19 1.99983701E-15
Kidneys    1.31519463E-19 3.46070121E-18 3.46070121E-18 1.07528473E-17 1.21702928E-16 1.96763294E-17 1.32615352E-17 1.27393859E-18 9.66336726E-20 1.11168618E-19 1.11168618E-19 2.26675929E-19 2.00304104E-18 2.00304104E-18 2.83280825E-18 2.83280825E-18 2.83280825E-18 1.32583309E-18 6.49506326E-15 3.60089165E-16 3.20547450E-13 2.90442554E-18 2.90442554E-18 7.45268415E-18 7.45268415E-18 7.78064967E-19 1.76602250E-16
Spleen     2.67098842E-19 8.62227298E-18 8.62227298E-18 3.34934995E-17 1.29286029E-17 1.57735877E-18 3.76863953E-17 5.92324647E-19 1.82712207E-19 3.27949505E-19 3.27949505E-19 5.76046534E-19 8.68347612E-18 8.68347612E-18 1.07882554E-15 1.07882554E-15 1.07882554E-15 4.10942247E-18 8.32603055E-15 4.04757846E-18 3.04189228E-17 2.82960389E-17 2.82960389E-17 6.58510558E-17 6.58510558E-17 2.37586751E-19 1.69348593E-15
GB-wall    1.93655072E-19 5.32739704E-18 5.32739704E-18 9.42384188E-18 4.28566189E-16 4.17415040E-15 7.23446771E-18 7.12167448E-19 9.97755407E-20 1.41818254E-19 1.41818254E-19 2.86148721E-19 3.29471573E-18 3.29471573E-18 4.01905972E-18 4.01905972E-18 4.01905972E-18 2.14371214E-18 1.38649149E-15 1.94247877E-14 1.82311662E-17 1.77521155E-18 1.77521155E-18 2.30152652E-18 2.30152652E-18 4.19577978E-19 1.24895603E-15
Ureters    3.29327377E-20 1.01246339E-18 1.01246339E-18 4.24320421E-18 1.94760574E-15 1.35287783E-17 7.67650820E-18 1.48874239E-17 3.18801077E-21 2.34254224E-20 2.34254224E-20 1.86044734E-20 6.56732142E-19 6.56732142E-19 9.14714600E-19 9.14714600E-19 7.94855777E-19 4.25954641E-19 8.77912606E-16 3.71208270E-18 1.00011061E-15 7.39404449E-18 7.39404449E-18 3.74476710E-18 3.74476710E-18 1.01919253E-16 2.24636541E-15
UB-wall    2.98661719E-21 6.39060135E-20 6.39060135E-20 2.87718854E-19 2.50436207E-16 1.35705951E-18 7.56868172E-19 3.63742128E-17 1.28847033E-21 8.96754202E-22 8.96754202E-22 9.08978808E-22 4.27156273E-20 4.27156273E-20 1.09555226E-19 1.09555226E-19 8.40549850E-20 4.10814073E-20 5.09716428E-16 3.00584331E-19 6.84770231E-19 5.58374527E-17 5.58374527E-17 1.62701022E-17 1.62701022E-17 1.31923212E-13 1.94370808E-15
Ovaries    0.00000000E+00 0.00000000E+00 0.00000000E+00 0.00000000E+00 0.00000000E+00 0.00000000E+00 0.00000000E+00 0.00000000E+00 0.00000000E+00 0.00000000E+00 0.00000000E+00 0.00000000E+00 0.00000000E+00 0.00000000E+00 0.00000000E+00 0.00000000E+00 0.00000000E+00 0.00000000E+00 0.00000000E+00 0.00000000E+00 0.00000000E+00 0.00000000E+00 0.00000000E+00 0.00000000E+00 0.00000000E+00 0.00000000E+00 0.00000000E+00
Testes     1.49716984E-25 4.45517216E-22 4.45517216E-22 3.62668670E-20 1.85708277E-19 8.78553477E-20 6.80892963E-20 1.39168254E-18 1.45782039E-24 1.30447607E-25 1.30447607E-25 1.54988145E-25 1.18509790E-21 1.18509790E-21 1.43292256E-20 1.43292256E-20 1.43292256E-20 6.04933776E-22 1.44711785E-15 3.91619999E-20 7.12936493E-20 1.21092499E-18 1.21092499E-18 8.80684371E-19 8.80684371E-19 3.99214315E-18 2.32061917E-15
Prostate   2.66073449E-25 1.35521700E-20 1.35521700E-20 1.43977988E-19 1.38764506E-18 7.96922585E-19 2.48401443E-19 1.28831011E-17 4.23230941E-23 1.28507372E-23 1.28507372E-23 6.94719747E-21 2.61555312E-20 2.61555312E-20 1.33293073E-20 1.33293073E-20 4.26723686E-20 7.53199188E-21 1.00264205E-15 1.46033580E-19 3.71272357E-19 9.11334008E-18 9.11334008E-18 4.61923503E-18 4.61923503E-18 7.61210071E-15 2.35441094E-15
Uterus     0.00000000E+00 0.00000000E+00 0.00000000E+00 0.00000000E+00 0.00000000E+00 0.00000000E+00 0.00000000E+00 0.00000000E+00 0.00000000E+00 0.00000000E+00 0.00000000E+00 0.00000000E+00 0.00000000E+00 0.00000000E+00 0.00000000E+00 0.00000000E+00 0.00000000E+00 0.00000000E+00 0.00000000E+00 0.00000000E+00 0.00000000E+00 0.00000000E+00 0.00000000E+00 0.00000000E+00 0.00000000E+00 0.00000000E+00 0.00000000E+00
LN-Sys     1.43391591E-18 1.07257705E-14 1.07257705E-14 1.31830286E-15 1.42944584E-15 4.87862740E-16 6.28277488E-16 2.72193763E-15 4.11230639E-19 2.15252411E-18 2.15252411E-18 8.24255716E-18 1.43247395E-15 1.43247395E-15 2.09612750E-15 2.09612750E-15 2.09612750E-15 7.88831593E-16 1.07002959E-14 2.72434090E-16 7.54480929E-18 4.44732149E-16 4.44732149E-16 1.09362965E-16 1.09362965E-16 1.14143859E-15 2.06881204E-15
Skin       3.60105187E-18 1.00772095E-18 1.00772095E-18 1.03494192E-18 1.04348152E-18 1.10484488E-18 1.28879077E-18 1.39464657E-18 1.35369494E-15 8.74676210E-18 8.74676210E-18 3.79315283E-18 3.54401439E-18 3.54401439E-18 1.19764295E-18 1.19764295E-18 1.19764295E-18 2.55370910E-17 8.16501181E-16 1.15116381E-18 1.20775268E-18 9.12455531E-17 9.12455531E-17 1.90274480E-17 1.90274480E-17 1.05500117E-18 1.76409068E-15
Adipose    2.07594007E-16 7.96634193E-16 7.96634193E-16 1.25956707E-16 2.37442555E-16 2.44043522E-16 3.57878162E-16 3.17983967E-16 1.27746338E-15 1.36672063E-15 1.36672063E-15 1.25298212E-15 5.82343088E-16 5.82343088E-16 4.67483055E-16 4.67483055E-16 4.67483055E-16 1.72105798E-15 6.85186796E-16 1.44791893E-16 5.41904153E-16 3.53167763E-16 3.53167763E-16 1.03484579E-16 1.03484579E-16 1.46160152E-16 2.39573716E-15
Muscle     4.41399622E-16 8.94270828E-17 8.94270828E-17 1.89056825E-18 4.18023867E-18 8.72449184E-18 4.65400226E-18 7.25866057E-17 5.32227007E-18 3.86172599E-16 3.86172599E-16 9.12231226E-16 3.43714922E-17 3.43714922E-17 9.48168045E-17 9.48168045E-17 9.48168045E-17 1.30647879E-16 7.26346710E-16 2.40678952E-17 1.90803198E-17 6.88871802E-16 6.88871802E-16 1.86108821E-16 1.86108821E-16 5.50187406E-18 2.39027665E-15
