  T/S       O-cavity       Oesophagus-s   Oesophagus-f   St-cont        SI-cont        RC-cont        LC-cont        RS-cont        ET1-sur        ET2-sur        ET2-seq        LN-ET          Bronchi        Bronchi-q      Brchiole       Brchiole-q     ALV            LN-Th          Blood          Liver          Kidneys        C-bone-S       C-bone-V       T-bone-S       T-bone-V       UB-cont        Other          
O-mucosa   1.05705196E-12 1.00897064E-17 1.00897064E-17 4.42248776E-19 6.75509650E-20 1.61739716E-20 9.24167441E-21 3.08002408E-21 2.23103076E-16 7.97451303E-14 7.97451303E-14 2.14723693E-13 9.00551360E-18 9.00551360E-18 1.98910211E-18 1.98910211E-18 1.98910211E-18 1.00812149E-17 1.24838388E-15 5.53391759E-19 1.33831404E-19 3.97900531E-15 3.97900531E-15 1.45596186E-15 1.45596186E-15 7.50811945E-21 2.23967297E-15
Oesophagus 1.03797004E-17 6.25361526E-12 2.45853982E-12 3.57157182E-17 1.25991955E-18 3.19217643E-19 3.36825563E-19 1.19357342E-19 1.72266016E-18 2.20267223E-14 2.20267223E-14 1.34422607E-15 1.12889355E-13 1.12889355E-13 1.62348543E-15 1.62348543E-15 1.62348543E-15 9.05966716E-14 6.82703423E-15 9.65103050E-16 3.07057124E-18 1.28416048E-15 1.28416048E-15 1.40464415E-16 1.40464415E-16 6.01553184E-20 1.92214204E-15
St-stem    3.53536264E-19 1.93767224E-15 1.93767224E-15 3.53472177E-13 1.53578229E-15 3.05631187E-18 5.73258747E-18 6.06551974E-19 2.87702832E-19 2.40022060E-19 2.40022060E-19 4.13778100E-19 2.60273570E-18 2.60273570E-18 6.37506024E-16 6.37506024E-16 6.37506024E-16 2.12753016E-18 5.59720356E-15 3.17134814E-15 5.00551978E-17 4.09308027E-18 4.09308027E-18 6.03379665E-18 6.03379665E-18 5.03371809E-19 1.82354638E-15
SI-stem    8.43818290E-20 9.99229410E-19 9.99229410E-19 4.55386623E-16 7.11670774E-14 1.09707433E-15 2.23984273E-15 2.31001806E-15 8.21564059E-20 6.66024766E-20 6.66024766E-20 7.85579175E-20 4.54537469E-19 4.54537469E-19 9.00327055E-19 9.00327055E-19 9.00327055E-19 3.74380580E-19 5.89568904E-15 4.38147204E-16 8.38066477E-16 9.28252991E-18 9.28252991E-18 1.28659578E-17 1.28659578E-17 1.24441048E-15 1.80332333E-15
RC-stem    5.73547139E-20 4.62644482E-19 4.62644482E-19 2.07786269E-18 3.26555612E-16 6.31898406E-14 3.26459481E-16 4.28614254E-18 3.47912624E-20 4.38355487E-20 4.38355487E-20 5.51004516E-20 2.74068310E-19 2.74068310E-19 5.98092483E-19 5.98092483E-19 5.98092483E-19 2.88151441E-19 5.24119994E-15 1.49649693E-16 1.97836753E-15 3.91587955E-18 3.91587955E-18 3.42096724E-18 3.42096724E-18 7.44323131E-18 1.74050890E-15
LC-stem    3.85051075E-20 3.45140859E-19 3.45140859E-19 4.21901134E-18 5.52750888E-16 6.38835831E-16 7.75501485E-14 1.77761481E-15 3.71769032E-20 1.16479833E-20 1.16479833E-20 3.42064680E-20 2.04485785E-19 2.04485785E-19 3.87262079E-19 3.87262079E-19 3.87262079E-19 1.74316802E-19 5.68756631E-15 1.61515412E-18 6.01953728E-18 7.02698585E-18 7.02698585E-18 4.13890252E-18 4.13890252E-18 1.13475752E-17 1.71808057E-15
RS-stem    1.75999087E-21 6.91467328E-20 6.91467328E-20 3.74893276E-19 1.67491530E-15 3.90033844E-18 1.76271457E-16 2.10926535E-13 1.21090897E-20 1.38317498E-21 1.38317498E-21 4.44828280E-21 2.09068010E-20 2.09068010E-20 8.93325544E-20 8.93325544E-20 7.46021438E-20 2.12016015E-20 5.49546535E-15 3.25962806E-19 9.49417743E-19 3.90770845E-18 3.90770845E-18 4.43386321E-17 4.43386321E-17 4.91467637E-15 1.68254487E-15
ET1-bas    2.28662628E-16 1.31772607E-18 1.31772607E-18 8.56843985E-20 2.97043521E-20 1.28329530E-24 1.22912571E-24 4.83921386E-25 6.78489699E-11 4.49586744E-15 4.49586744E-15 1.33062359E-17 1.18322336E-18 1.18322336E-18 9.43954321E-19 9.43954321E-19 9.43954321E-19 1.50923423E-18 6.02290185E-16 7.75405354E-19 1.33748091E-19 2.84642675E-15 2.84642675E-15 2.89881792E-16 2.89881792E-16 1.33243405E-24 1.34428252E-15
ET2-bas    8.01088244E-14 2.19434092E-14 2.19434092E-14 2.19738505E-19 3.41776288E-20 3.24360630E-20 3.81510265E-20 3.33509058E-23 4.53464011E-15 2.22350053E-12 3.53247872E-12 3.47752407E-13 2.74933485E-14 2.74933485E-14 2.15925325E-18 2.15925325E-18 2.15925325E-18 4.13329490E-14 6.64550763E-16 2.72177742E-19 1.15994373E-19 1.65488809E-15 1.65488809E-15 3.23271150E-16 3.23271150E-16 1.92966136E-24 1.36707993E-15
LN-ET      2.15909303E-13 1.35494463E-15 1.35494463E-15 1.30234518E-18 1.17864113E-19 1.65360635E-24 1.17982674E-24 4.90666549E-25 1.34108581E-17 3.47896602E-13 3.47896602E-13 7.02602455E-12 1.12692288E-14 1.12692288E-14 3.05086447E-18 3.05086447E-18 3.05086447E-18 1.26554319E-14 1.83385121E-16 6.02818903E-19 2.32636026E-19 3.87310144E-16 3.87310144E-16 2.49410814E-17 2.49410814E-17 3.10357607E-25 1.66025162E-15
Bronch-bas 2.00384213E-18 5.02891156E-14 5.02891156E-14 5.09524166E-18 6.50675915E-19 3.77184389E-19 1.78530526E-19 5.48008446E-20 8.23807106E-19 1.27592529E-17 1.27592529E-17 4.52807119E-18 4.22221570E-12 4.36593093E-12 1.34872819E-13 3.89857605E-14 1.04851236E-13 8.46253599E-13 9.54624816E-15 7.11110012E-18 2.13602169E-18 1.98205253E-17 1.98205253E-17 4.70366973E-18 4.70366973E-18 6.74035648E-20 2.26928058E-15
Bronch-sec 2.00384213E-18 5.02891156E-14 5.02891156E-14 5.09524166E-18 6.50675915E-19 3.77184389E-19 1.78530526E-19 5.48008446E-20 8.23807106E-19 1.27592529E-17 1.27592529E-17 4.52807119E-18 4.81790491E-12 4.06440131E-12 1.34872819E-13 3.89857605E-14 1.04066169E-13 8.46253599E-13 9.54624816E-15 7.11110012E-18 2.13602169E-18 1.98205253E-17 1.98205253E-17 4.70366973E-18 4.70366973E-18 6.74035648E-20 2.25777525E-15
Bchiol-sec 2.11647514E-18 1.46618375E-15 1.46618375E-15 4.18648716E-17 1.13616743E-18 5.20659293E-19 4.08266612E-19 1.01191865E-19 9.36263874E-19 2.10365773E-18 2.10365773E-18 3.32419578E-18 2.33725506E-14 2.33725506E-14 5.58566789E-13 5.05278399E-13 1.37647789E-13 1.06954894E-14 9.54624816E-15 9.62299242E-16 2.94944669E-18 6.15235771E-16 6.15235771E-16 4.23279006E-16 4.23279006E-16 6.52614548E-20 1.47365328E-15
AI         2.11647514E-18 1.46618375E-15 1.46618375E-15 4.18648716E-17 1.13616743E-18 5.20659293E-19 4.08266612E-19 1.01191865E-19 9.36263874E-19 2.10365773E-18 2.10365773E-18 3.32419578E-18 2.33725506E-14 2.33725506E-14 1.34872819E-13 1.34872819E-13 1.41779802E-13 1.06954894E-14 1.79844311E-14 9.62299242E-16 2.94944669E-18 6.15235771E-16 6.15235771E-16 4.23279006E-16 4.23279006E-16 6.52614548E-20 1.44542412E-15
LN-Th      1.20563781E-17 9.07392653E-14 9.07392653E-14 2.59985179E-18 3.28125745E-19 6.54376943E-20 1.26567136E-19 1.11332040E-23 2.00928953E-18 4.11326770E-14 4.11326770E-14 1.25170038E-14 1.28377595E-12 1.28377595E-12 1.09305286E-14 1.09305286E-14 1.09305286E-14 5.41247261E-12 1.34725419E-14 4.05799261E-18 1.18336755E-18 3.88303493E-17 3.88303493E-17 5.40125737E-18 5.40125737E-18 1.29196308E-24 1.51202197E-15
R-marrow   6.23006327E-16 4.63878158E-16 4.63878158E-16 5.68996958E-18 8.78457346E-18 6.56876338E-18 6.33580692E-18 2.10477925E-17 1.05477687E-16 1.50820884E-16 1.50820884E-16 2.23567707E-17 2.18472786E-17 2.18472786E-17 1.67571639E-15 1.67571639E-15 1.67571639E-15 1.80308942E-17 5.20883598E-15 3.82583723E-16 5.51228820E-17 7.03563761E-15 6.44459470E-15 2.33885724E-14 2.68316496E-14 6.95697074E-17 2.14887810E-15
Endost-BS  9.19681347E-16 1.64399329E-16 1.64399329E-16 2.12672907E-18 3.88928342E-18 3.04285358E-18 3.06512384E-18 9.72553171E-18 2.16646305E-16 2.49891467E-16 2.49891467E-16 1.24721429E-17 7.75197071E-18 7.75197071E-18 5.81461891E-16 5.81461891E-16 5.81461891E-16 6.57741513E-18 1.93478833E-15 1.33214566E-16 1.95161118E-17 8.57116355E-15 9.12904141E-15 3.25482153E-14 4.10189224E-14 3.91075259E-17 1.72889512E-15
Brain      1.01127778E-17 1.02518467E-18 1.02518467E-18 7.78321316E-20 2.15652955E-20 1.67315291E-20 1.01206284E-20 3.06111840E-21 1.05218134E-17 1.15433612E-16 1.15433612E-16 6.38082808E-18 9.56755711E-19 9.56755711E-19 4.45549259E-19 4.45549259E-19 4.45549259E-19 1.12447155E-18 1.31537087E-15 1.07749573E-19 3.97884509E-20 1.34940110E-15 1.34940110E-15 9.54208250E-16 9.54208250E-16 1.73003017E-21 2.82328627E-15
Eye-lens   2.37250294E-17 9.10949485E-19 9.10949485E-19 1.31231072E-20 1.72249994E-24 1.51037177E-24 1.42319735E-24 5.13898108E-26 1.26163387E-16 1.87134214E-17 1.87134214E-17 4.75654155E-18 3.15724899E-19 3.15724899E-19 9.10821311E-19 9.10821311E-19 9.10821311E-19 8.89127841E-19 8.65463695E-16 3.64831608E-24 2.07994552E-24 7.66833710E-18 7.66833710E-18 4.02242429E-18 4.02242429E-18 8.25505413E-26 1.47293110E-15
P-gland    3.10565890E-17 2.81726713E-18 2.81726713E-18 1.82327684E-23 8.61426210E-25 7.38875731E-25 7.45845198E-25 8.24480020E-26 1.51040382E-17 8.29062245E-17 8.29062245E-17 2.23279315E-17 1.93815290E-18 1.93815290E-18 9.01608796E-19 9.01608796E-19 8.36480322E-19 2.91708273E-18 7.73146286E-16 1.81798966E-19 1.56857885E-24 7.89408377E-15 7.89408377E-15 3.53472177E-15 3.53472177E-15 8.84305290E-26 2.37799648E-15
Tongue     1.54699753E-12 1.08297517E-17 1.08297517E-17 3.81718548E-19 7.36488488E-20 3.11879675E-20 2.94383908E-20 4.69325558E-21 7.90017204E-17 4.45741520E-14 4.45741520E-14 8.51973369E-14 9.64862724E-18 9.64862724E-18 2.06280223E-18 2.06280223E-18 2.06280223E-18 1.09933340E-17 1.16620824E-15 5.25209474E-19 1.72778712E-19 1.02015383E-15 1.02015383E-15 5.32723682E-16 5.32723682E-16 2.48097029E-21 9.18709046E-16
Tonsils    2.52759363E-13 7.08178029E-18 7.08178029E-18 3.55555006E-19 4.56251798E-21 8.81934069E-24 3.66305610E-24 2.91772360E-25 3.06768732E-17 3.23591585E-14 3.23591585E-14 8.79803174E-17 4.86068303E-18 4.86068303E-18 1.36346821E-18 1.36346821E-18 1.36346821E-18 7.71560131E-18 7.53135101E-16 3.78193760E-19 1.72314081E-20 6.05959169E-16 6.05959169E-16 9.07440719E-17 9.07440719E-17 3.06352166E-25 2.78852540E-15
S-glands   8.27203720E-20 8.50243018E-18 8.50243018E-18 2.86821635E-19 7.31986372E-20 5.68436196E-20 4.35743939E-20 4.22830397E-21 1.10313055E-17 6.32379059E-16 6.32379059E-16 3.18320424E-14 7.08370290E-18 7.08370290E-18 1.76479740E-18 1.76479740E-18 1.76479740E-18 8.98084008E-18 9.47895675E-16 4.05062259E-19 1.36481404E-19 1.41826265E-15 1.41826265E-15 3.58871511E-16 3.58871511E-16 2.41047452E-22 2.79645850E-15
Thyroid    1.85516015E-17 1.96538990E-14 1.96538990E-14 9.74427718E-19 1.18399240E-19 3.94856395E-20 3.35559843E-20 2.95313170E-20 3.75053494E-18 6.81101246E-17 6.81101246E-17 6.57629361E-17 5.15083719E-14 5.15083719E-14 1.11974512E-17 1.11974512E-17 1.11974512E-17 2.11022665E-13 3.82840072E-15 1.42217196E-18 4.38932270E-19 8.36223974E-18 8.36223974E-18 5.01849741E-18 5.01849741E-18 1.23047154E-20 2.65474684E-15
Breast     3.20146906E-18 5.70006329E-18 5.70006329E-18 4.11919575E-18 7.40878451E-19 3.45220968E-19 3.01193158E-19 5.92116364E-20 5.50828276E-17 1.81206161E-18 1.81206161E-18 3.14074657E-18 6.60689518E-18 6.60689518E-18 1.25669917E-17 1.25669917E-17 1.25669917E-17 6.33580692E-18 1.05911877E-15 5.18977008E-18 1.35138780E-18 1.63966742E-18 1.63966742E-18 1.95593706E-18 1.95593706E-18 5.20915641E-20 2.83850747E-15
Thymus     6.45741211E-18 5.54112738E-17 5.54112738E-17 1.96394794E-18 2.63461902E-19 2.09676837E-19 1.06890807E-19 3.28189832E-20 2.24480948E-18 6.56972468E-18 6.56972468E-18 1.22233249E-17 3.10453738E-16 3.10453738E-16 4.27588861E-15 4.27588861E-15 4.27588861E-15 8.51220346E-16 1.17756767E-15 2.95729736E-18 8.50066779E-19 7.59351546E-16 7.59351546E-16 5.77087949E-16 5.77087949E-16 1.16334035E-19 2.73302116E-15
Ht-wall    1.81606705E-18 2.02867587E-14 2.02867587E-14 1.27949814E-15 1.92309244E-18 6.01489097E-19 5.77680754E-19 1.02537693E-19 9.61786545E-19 1.51892740E-18 1.51892740E-18 2.48946183E-18 1.72538386E-14 1.72538386E-14 8.87974274E-15 8.87974274E-15 8.87974274E-15 1.87102170E-14 3.45429251E-14 5.57477309E-16 3.68628766E-18 2.11086752E-17 2.11086752E-17 9.83832494E-17 9.83832494E-17 9.15948276E-20 2.19462346E-15
Adrenals   2.91339772E-19 9.73786847E-18 9.73786847E-18 3.14475201E-17 2.41944671E-16 4.22910506E-18 2.59600656E-18 4.68684688E-19 1.44056494E-19 2.31626655E-19 2.31626655E-19 3.15068006E-19 2.95281127E-18 2.95281127E-18 5.37978821E-18 5.37978821E-18 5.37978821E-18 2.12897212E-18 5.38539583E-15 5.70791395E-15 2.12128167E-14 6.25521744E-16 6.25521744E-16 1.04141472E-16 1.04141472E-16 3.50924716E-19 2.27487212E-15
Liver      5.53391759E-19 9.47655349E-16 9.47655349E-16 3.89921692E-16 1.30391531E-16 7.86139937E-17 1.64207068E-18 3.69638137E-19 3.79651740E-19 3.93270240E-19 3.93270240E-19 6.02818903E-19 4.86629064E-18 4.86629064E-18 1.04304894E-15 1.04304894E-15 1.04304894E-15 3.82872115E-18 8.02722464E-15 7.83560433E-14 1.01946490E-15 5.94167150E-17 5.94167150E-17 1.07940232E-16 1.07940232E-16 3.27452830E-19 1.05465807E-16
Pancreas   2.63077379E-19 3.41071331E-18 3.41071331E-18 5.87758444E-16 7.15291693E-15 1.12689083E-16 7.03451608E-18 9.03419256E-19 1.88464020E-19 1.26040020E-19 1.26040020E-19 2.36609424E-19 1.32919766E-18 1.32919766E-18 2.75029616E-18 2.75029616E-18 2.75029616E-18 1.14345734E-18 6.10781720E-15 4.59167759E-16 3.38075261E-15 4.60850045E-18 4.60850045E-18 4.15123928E-18 4.15123928E-18 9.12022943E-19 2.45814549E-15
Kidneys    2.01649933E-19 3.27452830E-18 3.27452830E-18 2.27653257E-17 1.70263295E-16 3.25017522E-16 6.12127549E-18 1.09018497E-18 1.21613206E-19 1.59283580E-19 1.59283580E-19 2.32636026E-19 1.40393919E-18 1.40393919E-18 2.89176834E-18 2.89176834E-18 2.89176834E-18 1.21220673E-18 7.81589756E-15 1.02130740E-15 3.79908089E-13 2.60033244E-17 2.60033244E-17 1.79700115E-17 1.79700115E-17 8.74163513E-19 2.08542360E-16
Spleen     3.68821027E-19 9.75549241E-18 9.75549241E-18 2.89433182E-16 8.62435581E-18 1.10848182E-18 2.28518432E-18 3.13786265E-19 2.42889955E-19 3.87246057E-19 3.87246057E-19 5.58454636E-19 4.31946781E-18 4.31946781E-18 1.34084548E-15 1.34084548E-15 1.34084548E-15 3.28430158E-18 1.01493074E-14 7.91603359E-18 5.61002097E-16 6.73939517E-18 6.73939517E-18 2.06680767E-17 2.06680767E-17 2.29960391E-19 2.14502254E-15
GB-wall    3.50620302E-19 6.04805602E-18 6.04805602E-18 2.83457064E-17 1.50617407E-15 6.65608200E-18 2.91916556E-18 4.24208268E-19 3.18240316E-19 2.86212808E-19 2.86212808E-19 2.25602471E-19 2.28518432E-18 2.28518432E-18 4.63461592E-18 4.63461592E-18 4.63461592E-18 1.96010271E-18 1.43172093E-15 2.19257852E-14 5.77103971E-15 7.23142357E-16 7.23142357E-16 1.10553382E-16 1.10553382E-16 4.66185292E-19 1.39472347E-15
Ureters    5.20819511E-20 7.14458561E-19 7.14458561E-19 6.58398406E-18 9.71607887E-17 2.18056220E-17 2.18552895E-17 5.38908083E-16 6.18071623E-20 3.90754823E-20 3.90754823E-20 7.49434074E-20 4.33917458E-19 4.33917458E-19 6.46430147E-19 6.46430147E-19 8.30295921E-19 5.02650829E-19 8.49025364E-16 5.94679847E-18 6.27300160E-15 8.72833707E-16 8.72833707E-16 1.79395701E-16 1.79395701E-16 8.19769621E-16 2.70007116E-15
UB-wall    1.28640352E-20 3.52863349E-20 3.52863349E-20 2.80172602E-19 1.04780740E-15 5.40334020E-18 7.49193747E-18 5.53776281E-15 1.71192558E-20 6.62676217E-21 6.62676217E-21 2.48497573E-22 3.12985177E-20 3.12985177E-20 1.09034519E-19 1.09034519E-19 7.67202211E-20 1.84779014E-20 1.18402445E-15 3.09332214E-19 7.60537157E-19 7.54016298E-16 7.54016298E-16 3.50203737E-16 3.50203737E-16 1.58589837E-13 2.19846623E-15
Ovaries    1.14014083E-23 2.17879980E-20 2.17879980E-20 2.91548055E-19 9.76766895E-16 4.14947688E-18 4.48801678E-18 2.05783548E-16 3.01641767E-23 3.68756940E-25 3.68756940E-25 1.65344613E-21 3.82936202E-20 3.82936202E-20 1.71512993E-20 1.71512993E-20 6.39012070E-20 3.13113351E-22 4.57821931E-15 3.04365467E-19 9.59687694E-19 4.79787771E-18 4.79787771E-18 4.35743939E-18 4.35743939E-18 5.09748471E-17 2.76153680E-15
Testes     0.00000000E+00 0.00000000E+00 0.00000000E+00 0.00000000E+00 0.00000000E+00 0.00000000E+00 0.00000000E+00 0.00000000E+00 0.00000000E+00 0.00000000E+00 0.00000000E+00 0.00000000E+00 0.00000000E+00 0.00000000E+00 0.00000000E+00 0.00000000E+00 0.00000000E+00 0.00000000E+00 0.00000000E+00 0.00000000E+00 0.00000000E+00 0.00000000E+00 0.00000000E+00 0.00000000E+00 0.00000000E+00 0.00000000E+00 0.00000000E+00
Prostate   0.00000000E+00 0.00000000E+00 0.00000000E+00 0.00000000E+00 0.00000000E+00 0.00000000E+00 0.00000000E+00 0.00000000E+00 0.00000000E+00 0.00000000E+00 0.00000000E+00 0.00000000E+00 0.00000000E+00 0.00000000E+00 0.00000000E+00 0.00000000E+00 0.00000000E+00 0.00000000E+00 0.00000000E+00 0.00000000E+00 0.00000000E+00 0.00000000E+00 0.00000000E+00 0.00000000E+00 0.00000000E+00 0.00000000E+00 0.00000000E+00
Uterus     1.89777805E-20 4.79899923E-20 4.79899923E-20 3.26587655E-19 3.13433786E-15 4.31914737E-18 5.35126947E-18 8.32394772E-15 1.55846911E-21 1.94616378E-21 1.94616378E-21 4.64775377E-21 3.12472480E-20 3.12472480E-20 7.86364242E-20 7.86364242E-20 7.20675006E-20 1.36678472E-20 9.82807101E-16 2.81838866E-19 8.51813151E-19 3.12985177E-17 3.12985177E-17 1.17989083E-17 1.17989083E-17 5.55410501E-15 2.86532326E-15
LN-Sys     2.57854284E-18 1.24147849E-14 1.24147849E-14 5.09892667E-16 2.31947090E-15 1.28063569E-15 1.60714323E-15 1.48896670E-15 7.29470955E-19 7.45893264E-17 7.45893264E-17 6.23503002E-18 1.12354228E-14 1.12354228E-14 1.93655072E-15 1.93655072E-15 1.93655072E-15 5.51373016E-15 1.17276114E-14 4.47680154E-16 2.49266618E-15 3.23399324E-16 3.23399324E-16 1.35829318E-16 1.35829318E-16 3.50604281E-16 2.56905176E-15
Skin       2.22077683E-17 1.34054107E-18 1.34054107E-18 1.40824905E-18 1.23772940E-18 1.36338810E-18 1.34012450E-18 1.26068859E-18 4.25361836E-16 1.30708762E-18 1.30708762E-18 1.80324964E-18 1.51788598E-18 1.51788598E-18 1.66754529E-18 1.66754529E-18 1.66754529E-18 1.50487631E-18 1.02715535E-15 1.51200599E-18 1.37580497E-18 5.27837044E-17 5.27837044E-17 1.30420370E-17 1.30420370E-17 1.52666591E-18 2.08522308E-15
Adipose    2.89000595E-16 2.92733666E-16 2.92733666E-16 2.02354890E-17 1.10035879E-16 5.40558325E-17 7.49081595E-17 1.56825841E-16 2.41351866E-15 1.33530195E-15 1.33530195E-15 7.56403541E-16 9.99069192E-16 9.99069192E-16 2.75814682E-16 2.75814682E-16 2.75814682E-16 1.50388296E-15 8.28309222E-16 4.05350651E-17 2.76888140E-16 2.41207670E-16 2.41207670E-16 8.62115146E-17 8.62115146E-17 6.06343692E-17 2.92203416E-15
Muscle     7.80356080E-16 3.51149021E-16 3.51149021E-16 3.49274474E-18 4.09852767E-18 3.31185902E-17 1.14755891E-17 1.36130527E-17 2.05879679E-16 4.22413831E-16 4.22413831E-16 2.01505737E-15 3.05935600E-16 3.05935600E-16 1.77024480E-16 1.77024480E-16 1.77024480E-16 3.18656881E-16 9.43361516E-16 1.04199150E-16 1.32320552E-16 9.95304077E-16 9.95304077E-16 2.33228831E-16 2.33228831E-16 3.46710992E-17 2.85528666E-15
