  T/S       O-cavity       Oesophagus-s   Oesophagus-f   St-cont        SI-cont        RC-cont        LC-cont        RS-cont        ET1-sur        ET2-sur        ET2-seq        LN-ET          Bronchi        Bronchi-q      Brchiole       Brchiole-q     ALV            LN-Th          Blood          UB-cont        C-bone-S       C-bone-V       T-bone-S       T-bone-V       Kidneys        Liver          Pancreas       Muscle         Other          
O-mucosa   7.35879660E-14 1.18527414E-15 1.18527414E-15 8.65784130E-17 2.84097935E-17 2.23824055E-17 1.87903258E-17 5.47223379E-18 8.88486971E-15 1.71625145E-14 1.71625145E-14 2.56716739E-14 1.15637088E-15 1.15637088E-15 3.39276893E-16 3.39276893E-16 3.39276893E-16 1.32996670E-15 3.88191341E-16 5.74636619E-18 8.79226391E-16 8.79226391E-16 9.28685579E-16 9.28685579E-16 4.93614554E-17 1.05754863E-16 5.78722169E-17 2.79339471E-16 5.01515060E-16
Oesophagus 1.16925238E-15 8.19689513E-14 6.17542905E-14 1.37553260E-15 2.03620610E-16 1.00956345E-16 9.18623911E-17 2.80236689E-17 3.53904764E-16 2.93230341E-15 2.93230341E-15 3.73579491E-15 1.38408822E-14 1.38408822E-14 2.77737294E-15 2.77737294E-15 2.77737294E-15 1.43162480E-14 1.34342498E-15 2.32539895E-17 6.82831597E-16 6.82831597E-16 5.80676824E-16 5.80676824E-16 4.67899621E-16 1.26403714E-15 4.84209778E-16 3.88511776E-16 5.27800095E-16
St-stem    8.08746647E-17 1.23873877E-15 1.23873877E-15 1.49747425E-14 2.81550474E-15 4.85155062E-16 8.01536853E-16 1.28877474E-16 6.89624825E-17 6.73394777E-17 6.73394777E-17 8.88326753E-17 3.96410506E-16 3.96410506E-16 8.44571313E-16 8.44571313E-16 8.44571313E-16 3.27997570E-16 1.12094676E-15 1.17397880E-16 2.27765409E-16 2.27765409E-16 2.80893582E-16 2.80893582E-16 2.45197090E-15 2.29976413E-15 7.22998162E-15 2.97604282E-16 5.29659391E-16
SI-stem    2.60674114E-17 1.67860031E-16 1.67860031E-16 1.50194433E-15 6.51573134E-15 2.65048056E-15 3.53135719E-15 2.76071030E-15 2.43675022E-17 2.05431069E-17 2.05431069E-17 2.68957367E-17 9.52269617E-17 9.52269617E-17 1.63902655E-16 1.63902655E-16 1.63902655E-16 8.31898097E-17 8.38675304E-16 2.42681672E-15 2.97748478E-16 2.97748478E-16 4.63173201E-16 4.63173201E-16 2.04229437E-15 7.93622101E-16 3.69445876E-15 4.46110021E-16 6.40914919E-16
RC-stem    2.37346425E-17 1.01807101E-16 1.01807101E-16 3.58647207E-16 2.08090682E-15 1.83577382E-14 1.35153200E-15 6.35214912E-16 2.10734273E-17 1.89841892E-17 1.89841892E-17 2.47536267E-17 7.29967629E-17 7.29967629E-17 1.17370643E-16 1.17370643E-16 1.17370643E-16 6.51012372E-17 7.44851849E-16 9.71527778E-16 2.79916254E-16 2.79916254E-16 3.98236988E-16 3.98236988E-16 1.77280828E-15 7.00631778E-16 1.70840079E-15 4.89753309E-16 5.65462393E-16
LC-stem    1.79235484E-17 8.78777781E-17 8.78777781E-17 6.11150221E-16 2.67819822E-15 1.34041289E-15 2.21741226E-14 1.44269584E-15 1.90418675E-17 1.39547970E-17 1.39547970E-17 1.72538386E-17 5.72762072E-17 5.72762072E-17 9.45844889E-17 9.45844889E-17 9.45844889E-17 4.92909596E-17 7.04493023E-16 1.27546066E-15 2.83441042E-16 2.83441042E-16 3.90995150E-16 3.90995150E-16 8.05029598E-16 2.93246362E-16 9.23879049E-16 4.92877553E-16 6.17501627E-16
RS-stem    5.38042908E-18 2.33581310E-17 2.33581310E-17 9.45476389E-17 2.53095820E-15 5.79314974E-16 9.61145675E-16 2.11295035E-14 6.31690124E-18 3.93110023E-18 3.93110023E-18 5.54433173E-18 1.80997878E-17 1.80997878E-17 2.87061961E-17 2.87061961E-17 2.87061961E-17 1.54909638E-17 6.07513280E-16 5.32467334E-15 3.29775986E-16 3.29775986E-16 3.96987290E-16 3.96987290E-16 1.87182279E-16 8.57292595E-17 1.69077685E-16 5.81782326E-16 6.88024010E-16
ET1-bas    8.88006318E-15 3.57493640E-16 3.57493640E-16 8.37345497E-17 2.44091588E-17 1.97916861E-17 1.34400177E-17 6.56491816E-18 1.27121489E-12 5.65183778E-15 5.65183778E-15 2.18056220E-15 3.69429854E-16 3.69429854E-16 2.02306825E-16 2.02306825E-16 2.02306825E-16 4.00480035E-16 8.50050757E-17 6.83696772E-18 7.86428329E-16 7.86428329E-16 6.25121200E-16 6.25121200E-16 3.90178040E-17 8.03411399E-17 5.66145083E-17 1.28464113E-16 4.16699244E-16
ET2-bas    1.71801385E-14 2.92493339E-15 2.92493339E-15 7.95592778E-17 2.39397211E-17 1.94472182E-17 1.21344041E-17 4.34670481E-18 5.80981238E-15 1.15121187E-13 1.33313901E-13 3.30064378E-14 2.30905675E-15 2.30905675E-15 3.64126650E-16 3.64126650E-16 3.64126650E-16 3.03804705E-15 1.17079047E-16 5.07569511E-18 9.54640838E-16 9.54640838E-16 9.54288359E-16 9.54288359E-16 4.36849441E-17 9.58662301E-17 4.86356694E-17 3.29711899E-16 5.01627093E-16
LN-ET      2.58126654E-14 3.67763591E-15 3.67763591E-15 8.62067081E-17 2.38467948E-17 2.50420185E-17 1.52439082E-17 5.12552280E-18 2.17062870E-15 3.29359420E-14 3.29359420E-14 3.96698898E-13 4.09356092E-15 4.09356092E-15 5.51565277E-16 5.51565277E-16 5.51565277E-16 5.23815581E-15 1.20163237E-16 4.38707966E-18 7.34309528E-16 7.34309528E-16 7.41855779E-16 7.41855779E-16 4.81694361E-17 1.27930588E-16 6.27444356E-17 4.25457966E-16 4.26432425E-16
Bronch-bas 3.54289287E-16 8.90137213E-15 8.90137213E-15 7.07937703E-16 1.48750872E-16 9.68403534E-17 7.73851243E-17 2.90234271E-17 1.86493343E-16 3.85852163E-16 3.85852163E-16 5.56964612E-16 1.15523333E-13 1.29608067E-13 6.25970353E-15 5.27484565E-15 5.26907781E-15 2.82639954E-14 1.38160485E-15 2.03941045E-17 5.02618786E-16 5.02618786E-16 4.06856697E-16 4.06856697E-16 3.55939528E-16 8.47359100E-16 3.40366373E-16 3.29567703E-16 5.31947099E-16
Bronch-sec 3.54289287E-16 8.90137213E-15 8.90137213E-15 7.07937703E-16 1.48750872E-16 9.68403534E-17 7.73851243E-17 2.90234271E-17 1.86493343E-16 3.85852163E-16 3.85852163E-16 5.56964612E-16 1.43120823E-13 1.21574754E-13 6.25970353E-15 5.27484565E-15 5.26891760E-15 2.82639954E-14 1.38160485E-15 2.03941045E-17 5.02618786E-16 5.02618786E-16 4.06856697E-16 4.06856697E-16 3.55939528E-16 8.47359100E-16 3.40366373E-16 3.29567703E-16 5.31624622E-16
Bchiol-sec 3.38812262E-16 2.81614561E-15 2.81614561E-15 1.03314749E-15 1.98301384E-16 1.15763660E-16 9.82823122E-17 3.23655672E-17 1.92934093E-16 3.58054401E-16 3.58054401E-16 5.11382691E-16 4.17863650E-15 4.17863650E-15 1.81606705E-14 1.55914203E-14 5.83945264E-15 3.63758150E-15 1.38160485E-15 2.79643884E-17 4.76647505E-16 4.76647505E-16 3.84073747E-16 3.84073747E-16 4.45373020E-16 1.24429833E-15 4.29335233E-16 3.75934691E-16 4.69231012E-16
AI         3.38812262E-16 2.81614561E-15 2.81614561E-15 1.03314749E-15 1.98301384E-16 1.15763660E-16 9.82823122E-17 3.23655672E-17 1.92934093E-16 3.58054401E-16 3.58054401E-16 5.11382691E-16 4.17863650E-15 4.17863650E-15 6.25970353E-15 6.25970353E-15 6.99382080E-15 3.63758150E-15 1.76960393E-15 2.79643884E-17 4.76647505E-16 4.76647505E-16 3.84073747E-16 3.84073747E-16 4.45373020E-16 1.24429833E-15 4.29335233E-16 3.75934691E-16 4.56590328E-16
LN-Th      1.33735274E-15 1.43527776E-14 1.43527776E-14 3.92741522E-16 9.56210971E-17 6.97876034E-17 4.74132088E-17 2.11230948E-17 4.17543214E-16 3.03724597E-15 3.03724597E-15 5.34405967E-15 3.82375440E-14 3.82375440E-14 3.54593700E-15 3.54593700E-15 3.54593700E-15 2.07850356E-13 7.94166841E-16 1.91988808E-17 5.43169873E-16 5.43169873E-16 4.88295328E-16 4.88295328E-16 2.22045639E-16 4.96274167E-16 1.99134516E-16 3.77152345E-16 4.81992530E-16
R-marrow   6.87413822E-16 1.59745007E-15 1.59745007E-15 6.41543509E-16 8.64486367E-16 7.58742719E-16 7.34485767E-16 9.92227898E-16 3.54337352E-16 8.99493923E-16 8.99493923E-16 8.09531714E-16 1.22024966E-15 1.22024966E-15 1.03848273E-15 1.03848273E-15 1.03848273E-15 1.20243345E-15 2.76167161E-15 7.79619079E-16 7.79154447E-16 7.72986068E-16 1.94776596E-15 1.26567136E-15 9.09251178E-16 8.17398400E-16 8.52454022E-16 5.08386621E-16 5.40232164E-16
Endost-BS  6.29254815E-16 6.20955541E-16 6.20955541E-16 2.55995759E-16 4.06055609E-16 3.66818307E-16 3.68949201E-16 5.53760259E-16 4.64390855E-16 7.88991811E-16 7.88991811E-16 5.44691940E-16 4.85491519E-16 4.85491519E-16 3.99614859E-16 3.99614859E-16 3.99614859E-16 4.87686501E-16 1.07558914E-15 4.93742728E-16 8.71247552E-16 7.85258740E-16 1.80533247E-14 1.62204348E-15 3.63485780E-16 3.13513895E-16 3.37145998E-16 4.03171691E-16 4.47278169E-16
Brain      1.45935847E-15 2.14323149E-16 2.14323149E-16 2.95617584E-17 9.68179229E-18 7.89216116E-18 6.02578577E-18 2.17928046E-18 1.64511482E-15 2.36833728E-15 2.36833728E-15 1.03314749E-15 2.15909303E-16 2.15909303E-16 1.08465746E-16 1.08465746E-16 1.08465746E-16 2.41399931E-16 2.44716437E-16 2.19770549E-18 7.08178029E-16 7.08178029E-16 1.09840413E-15 1.09840413E-15 1.76303501E-17 3.54145091E-17 1.80917769E-17 9.40990294E-17 6.01916597E-16
Eye-lens   3.50171693E-15 2.62949205E-16 2.62949205E-16 4.98613345E-17 9.41342773E-18 1.79443767E-17 7.58262066E-18 0.00000000E+00 1.39878018E-14 3.20515406E-15 3.20515406E-15 1.30897819E-15 2.15124237E-16 2.15124237E-16 1.48438447E-16 1.48438447E-16 1.48438447E-16 2.98549567E-16 5.00503913E-17 9.30880561E-18 5.82006631E-16 5.82006631E-16 5.47575858E-16 5.47575858E-16 3.49899323E-17 6.50099131E-17 4.33997567E-17 1.15459246E-16 3.68381424E-16
P-gland    4.17190735E-15 3.46855188E-16 3.46855188E-16 4.07113045E-17 1.55082673E-17 8.88102449E-18 9.97515081E-18 5.25113344E-18 2.55386932E-15 1.05041895E-14 1.05041895E-14 2.51669883E-15 4.18087954E-16 4.18087954E-16 1.54743012E-16 1.54743012E-16 1.54743012E-16 4.73427130E-16 1.07922608E-16 1.02113116E-18 1.10532554E-15 1.10532554E-15 1.53860212E-15 1.53860212E-15 2.43995457E-17 5.20803489E-17 2.80124537E-17 1.62140260E-16 6.79308825E-16
Tongue     6.60817692E-14 1.29324482E-15 1.29324482E-15 8.56699789E-17 2.94383908E-17 2.33709484E-17 1.78963114E-17 5.53199497E-18 6.63541392E-15 1.92373331E-14 1.92373331E-14 2.49122422E-14 1.24086967E-15 1.24086967E-15 3.52350653E-16 3.52350653E-16 3.52350653E-16 1.43902686E-15 3.78946783E-16 5.26042606E-18 8.30648400E-16 8.30648400E-16 9.11430138E-16 9.11430138E-16 4.78810443E-17 1.06322034E-16 5.59175616E-17 2.75125746E-16 4.45984592E-16
Tonsils    3.11991827E-14 9.34677719E-16 9.34677719E-16 7.06736070E-17 2.49763293E-17 1.44817528E-17 1.64655678E-17 2.46703135E-18 4.59664434E-15 2.29976413E-14 2.29976413E-14 1.00957947E-14 8.80556197E-16 8.80556197E-16 2.98421392E-16 2.98421392E-16 2.98421392E-16 1.00989991E-15 1.00161665E-16 2.68124235E-18 9.64366049E-16 9.64366049E-16 9.79827052E-16 9.79827052E-16 3.86124533E-17 8.58253901E-17 5.18624529E-17 3.33252709E-16 5.33806689E-16
S-glands   9.24535942E-15 1.13575087E-15 1.13575087E-15 7.46085525E-17 2.38179557E-17 1.99358820E-17 1.38737269E-17 5.31297745E-18 1.97916861E-15 8.81389329E-15 8.81389329E-15 1.34123000E-14 1.06006405E-15 1.06006405E-15 3.33573145E-16 3.33573145E-16 3.33573145E-16 1.26861936E-15 9.88751175E-17 4.96258145E-18 7.58582501E-16 7.58582501E-16 8.39460370E-16 8.39460370E-16 4.20635415E-17 9.30976691E-17 4.58318606E-17 2.98789893E-16 5.01045604E-16
Thyroid    2.38483970E-15 1.12516048E-14 1.12516048E-14 1.64207068E-16 4.72834325E-17 3.84874836E-17 2.89385117E-17 1.07291351E-17 7.01304692E-16 3.85035053E-15 3.85035053E-15 6.78906265E-15 1.61627564E-14 1.61627564E-14 1.36973272E-15 1.36973272E-15 1.36973272E-15 2.32587961E-14 6.75173193E-16 8.69373005E-18 5.39613041E-16 5.39613041E-16 5.30736983E-16 5.30736983E-16 9.44098517E-17 2.25330101E-16 9.85162300E-17 4.62788678E-16 4.99143961E-16
Breast     4.05510869E-16 8.87301360E-16 8.87301360E-16 6.90217631E-16 1.67571639E-16 1.00111998E-16 8.64502389E-17 2.58943764E-17 3.22021452E-16 3.24681065E-16 3.24681065E-16 4.83088254E-16 1.01755831E-15 1.01755831E-15 1.56974843E-15 1.56974843E-15 1.56974843E-15 9.88206435E-16 3.21684995E-16 2.40839170E-17 1.78578591E-16 1.78578591E-16 2.06536571E-16 2.06536571E-16 2.78025686E-16 8.07881472E-16 3.71432575E-16 2.26756038E-16 4.99751179E-16
Thymus     9.36456135E-16 5.43842787E-15 5.43842787E-15 3.08002408E-16 8.13713394E-17 5.92997561E-17 4.59071629E-17 1.64062872E-17 4.51365160E-16 1.04461907E-15 1.04461907E-15 1.66578289E-15 8.99670163E-15 8.99670163E-15 2.90827076E-15 2.90827076E-15 2.90827076E-15 1.02492832E-14 2.44556219E-16 1.26479016E-17 5.04557419E-16 5.04557419E-16 5.80436498E-16 5.80436498E-16 1.70888144E-16 4.34350046E-16 1.87983367E-16 3.64030520E-16 5.68779519E-16
Ht-wall    2.91083424E-16 5.39548954E-15 5.39548954E-15 2.36609424E-15 2.86805613E-16 1.30787269E-16 1.32456737E-16 3.54689831E-17 1.91620308E-16 2.80012385E-16 2.80012385E-16 3.95961897E-16 5.35255121E-15 5.35255121E-15 3.36168671E-15 3.36168671E-15 3.36168671E-15 5.06544118E-15 2.20635724E-15 3.26651742E-17 3.26635720E-16 3.26635720E-16 3.34614559E-16 3.34614559E-16 5.49162013E-16 1.49885213E-15 6.52069808E-16 2.88712203E-16 5.33735669E-16
Adrenals   7.56547737E-17 1.19235576E-15 1.19235576E-15 3.34342189E-15 1.53389173E-15 6.37361828E-16 4.13890252E-16 1.27480377E-16 5.37882690E-17 6.60128756E-17 6.60128756E-17 9.03210973E-17 4.57565583E-16 4.57565583E-16 8.37553780E-16 8.37553780E-16 8.37553780E-16 3.95945875E-16 1.29904470E-15 1.04099815E-16 5.81654152E-16 5.81654152E-16 6.77015696E-16 6.77015696E-16 7.51645077E-15 4.53480033E-15 4.00576165E-15 3.88239406E-16 5.35640455E-16
Liver      1.09375782E-16 1.25195673E-15 1.25195673E-15 2.19658396E-15 9.22853657E-16 6.76294717E-16 2.94848539E-16 9.46870282E-17 8.67754807E-17 9.42704623E-17 9.42704623E-17 1.26698514E-16 5.92324647E-16 5.92324647E-16 1.24831979E-15 1.24831979E-15 1.24831979E-15 5.24712799E-16 1.23982825E-15 8.75365145E-17 2.81214017E-16 2.81214017E-16 3.20467341E-16 3.20467341E-16 2.22269944E-15 7.53391449E-15 2.80621212E-15 2.88824355E-16 3.57551756E-16
Pancreas   5.85178940E-17 4.93037770E-16 4.93037770E-16 4.98437105E-15 5.11334626E-15 1.62572848E-15 9.43329472E-16 1.94568313E-16 5.03451918E-17 4.80396598E-17 4.80396598E-17 6.26226702E-17 2.40935300E-16 2.40935300E-16 4.27124230E-16 4.27124230E-16 4.27124230E-16 2.08795640E-16 1.11160607E-15 1.84346427E-16 3.02667160E-16 3.02667160E-16 4.68348231E-16 4.68348231E-16 5.12295932E-15 2.81934996E-15 4.32667760E-14 3.21316494E-16 4.70896244E-16
Kidneys    5.00231543E-17 4.66842185E-16 4.66842185E-16 2.46558940E-15 2.47215832E-15 1.59982129E-15 8.30984857E-16 2.13634213E-16 4.13121207E-17 4.43770843E-17 4.43770843E-17 5.71464309E-17 2.51381491E-16 2.51381491E-16 4.37025680E-16 4.37025680E-16 4.37025680E-16 2.15989412E-16 1.03515021E-15 1.75165955E-16 3.39164741E-16 3.39164741E-16 4.57982149E-16 4.57982149E-16 2.11166861E-14 2.22526292E-15 5.09347927E-15 4.34157784E-16 4.46741661E-16
Spleen     8.88903537E-17 1.15061907E-15 1.15061907E-15 6.91643568E-15 1.00724029E-15 2.12528711E-16 3.76815888E-16 9.02025362E-17 6.66104874E-17 8.94270828E-17 8.94270828E-17 1.14054138E-16 5.90450101E-16 5.90450101E-16 1.37742317E-15 1.37742317E-15 1.37742317E-15 4.70190734E-16 1.09761907E-15 7.06896288E-17 2.88007245E-16 2.88007245E-16 3.15340376E-16 3.15340376E-16 3.13802287E-15 1.03672034E-15 1.61034759E-15 3.45573446E-16 5.77470975E-16
GB-wall    8.24848521E-17 8.48544711E-16 8.48544711E-16 2.47856703E-15 2.13490017E-15 9.06607587E-16 5.08899318E-16 1.31613992E-16 6.92540787E-17 6.87173495E-17 6.87173495E-17 9.03243016E-17 3.79235174E-16 3.79235174E-16 6.80572528E-16 6.80572528E-16 6.80572528E-16 3.28221875E-16 2.80701321E-16 1.24992196E-16 3.94023263E-16 3.94023263E-16 5.40269933E-16 5.40269933E-16 4.18712803E-15 6.81293508E-15 9.22917744E-15 3.01609724E-16 4.52110245E-16
Ureters    2.13922605E-17 1.56035968E-16 1.56035968E-16 8.30600334E-16 3.47800472E-15 2.59584634E-15 2.59728830E-15 2.70735783E-15 2.26483668E-17 1.95449510E-17 1.95449510E-17 2.68556823E-17 9.75773546E-17 9.75773546E-17 1.61355194E-16 1.61355194E-16 1.61355194E-16 8.13457046E-17 2.09997272E-16 2.33004527E-15 5.27100042E-16 5.27100042E-16 9.02089449E-16 9.02089449E-16 2.64471273E-15 7.88382984E-16 3.90899019E-15 5.34614250E-16 6.93017043E-16
UB-wall    6.43834621E-18 2.20844007E-17 2.20844007E-17 9.25272943E-17 2.07898421E-15 8.10172584E-16 9.89744525E-16 4.87990914E-15 6.93486071E-18 5.32931965E-18 5.32931965E-18 5.85002701E-18 1.68484879E-17 1.68484879E-17 2.60626049E-17 2.60626049E-17 2.60626049E-17 1.45791652E-17 2.46671092E-16 2.05879679E-14 4.09019635E-16 4.09019635E-16 4.42633298E-16 4.42633298E-16 1.62717044E-16 8.40149306E-17 1.72586451E-16 5.17551071E-16 6.02239912E-16
Ovaries    6.35166847E-18 2.09116075E-17 2.09116075E-17 8.51668955E-17 2.37218251E-15 6.57901731E-16 6.33260256E-16 8.06199186E-15 5.69253306E-18 3.53632394E-18 3.53632394E-18 4.21468547E-18 1.79251505E-17 1.79251505E-17 2.84290196E-17 2.84290196E-17 2.84290196E-17 1.42758732E-17 8.84978204E-16 5.11254517E-15 4.25393879E-16 4.25393879E-16 4.72273563E-16 4.72273563E-16 1.69686512E-16 7.99502089E-17 1.57170309E-16 6.26114549E-16 7.34221294E-16
Testes     0.00000000E+00 0.00000000E+00 0.00000000E+00 0.00000000E+00 0.00000000E+00 0.00000000E+00 0.00000000E+00 0.00000000E+00 0.00000000E+00 0.00000000E+00 0.00000000E+00 0.00000000E+00 0.00000000E+00 0.00000000E+00 0.00000000E+00 0.00000000E+00 0.00000000E+00 0.00000000E+00 0.00000000E+00 0.00000000E+00 0.00000000E+00 0.00000000E+00 0.00000000E+00 0.00000000E+00 0.00000000E+00 0.00000000E+00 0.00000000E+00 0.00000000E+00 0.00000000E+00
Prostate   0.00000000E+00 0.00000000E+00 0.00000000E+00 0.00000000E+00 0.00000000E+00 0.00000000E+00 0.00000000E+00 0.00000000E+00 0.00000000E+00 0.00000000E+00 0.00000000E+00 0.00000000E+00 0.00000000E+00 0.00000000E+00 0.00000000E+00 0.00000000E+00 0.00000000E+00 0.00000000E+00 0.00000000E+00 0.00000000E+00 0.00000000E+00 0.00000000E+00 0.00000000E+00 0.00000000E+00 0.00000000E+00 0.00000000E+00 0.00000000E+00 0.00000000E+00 0.00000000E+00
Uterus     5.44435592E-18 2.19898723E-17 2.19898723E-17 9.17598518E-17 2.63974598E-15 6.29927729E-16 7.76703117E-16 9.98908974E-15 5.48296837E-18 4.18296237E-18 4.18296237E-18 5.71800766E-18 1.57711845E-17 1.57711845E-17 2.72674416E-17 2.72674416E-17 2.72674416E-17 1.52748302E-17 1.32991864E-16 9.96297427E-15 3.98253009E-16 3.98253009E-16 4.41303492E-16 4.41303492E-16 1.67491530E-16 8.12511762E-17 1.61355194E-16 5.76286861E-16 7.42704240E-16
LN-Sys     3.35447691E-16 1.98349449E-15 1.98349449E-15 1.30122366E-15 1.95161118E-15 1.33855437E-15 1.58022667E-15 1.43742468E-15 1.48106797E-16 4.68556514E-16 4.68556514E-16 6.15620293E-16 1.68276596E-15 1.68276596E-15 9.10020223E-16 9.10020223E-16 9.10020223E-16 1.69173815E-15 5.84409895E-16 1.11793467E-15 4.08731244E-16 4.08731244E-16 4.67803491E-16 4.67803491E-16 1.35092317E-15 7.91891750E-16 2.20731855E-15 4.73234869E-16 5.80153676E-16
Skin       2.27012386E-16 2.10958578E-16 2.10958578E-16 2.21388747E-16 2.01329497E-16 2.10846426E-16 2.08843705E-16 2.02162629E-16 2.74116375E-16 2.09132097E-16 2.09132097E-16 2.39493341E-16 2.23471576E-16 2.23471576E-16 2.44524175E-16 2.44524175E-16 2.44524175E-16 2.24480948E-16 3.08883605E-16 2.19770549E-16 2.57854284E-16 2.57854284E-16 2.41239714E-16 2.41239714E-16 2.15893282E-16 2.28951020E-16 1.94616378E-16 2.61667464E-16 3.65344859E-16
Adipose    2.67819822E-16 2.87911115E-16 2.87911115E-16 3.31394185E-16 4.60946175E-16 4.32603673E-16 4.62275982E-16 5.62219751E-16 3.19810449E-16 3.01850050E-16 3.01850050E-16 2.83825565E-16 3.09860933E-16 3.09860933E-16 3.07249385E-16 3.07249385E-16 3.07249385E-16 3.23527498E-16 2.23727925E-16 4.47535958E-16 3.06368188E-16 3.06368188E-16 2.91147511E-16 2.91147511E-16 4.01489406E-16 2.99831308E-16 3.57733966E-16 3.94231546E-16 5.01448218E-16
Muscle     2.76055009E-16 3.84714618E-16 3.84714618E-16 2.78570426E-16 4.07657785E-16 4.67963708E-16 4.69453732E-16 5.20755424E-16 1.29733037E-16 3.30416857E-16 3.30416857E-16 4.16373625E-16 3.77312563E-16 3.77312563E-16 3.75950713E-16 3.75950713E-16 3.75950713E-16 3.86204642E-16 3.14747571E-16 4.80540794E-16 4.67210685E-16 4.67210685E-16 3.73259056E-16 3.73259056E-16 4.29992126E-16 2.87638745E-16 3.21476712E-16 7.65551969E-16 3.75974547E-16
